Number_of_customers: 10
Number_of_teams: 3
Number_of_services: 3
Customers_requested_services:
0 1 1 2 1 1 1 0 0
Daily_available_time: 8
Service 0:
Number_of_tasks: 1
Dependencies:
0: 
Service 1:
Number_of_tasks: 3
Dependencies:
0: 1
1: 
2: 0
Service 2:
Number_of_tasks: 5
Dependencies:
0: 2 3 4
1: 2 3 4
2: 
3: 
4: 
Travel_times:
0.00 0.15 0.20 0.04 0.15 0.15 0.10 0.07 0.14 0.09
0.15 0.00 0.23 0.17 0.19 0.18 0.14 0.15 0.17 0.06
0.20 0.23 0.00 0.23 0.09 0.10 0.10 0.27 0.34 0.18
0.04 0.17 0.23 0.00 0.18 0.19 0.14 0.04 0.10 0.11
0.15 0.19 0.09 0.18 0.00 0.18 0.06 0.22 0.29 0.14
0.15 0.18 0.10 0.19 0.18 0.00 0.13 0.23 0.29 0.14
0.10 0.14 0.10 0.14 0.06 0.13 0.00 0.17 0.24 0.09
0.07 0.15 0.27 0.04 0.22 0.23 0.17 0.00 0.07 0.09
0.14 0.17 0.34 0.10 0.29 0.29 0.24 0.07 0.00 0.15
0.09 0.06 0.18 0.11 0.14 0.14 0.09 0.09 0.15 0.00
Team_tasks_times:
Team 0:
1: 3.00
2: 0.75 1.00 1.00
3: 0.75 1.00 1.00
4: 0.50 4.00 0.75 1.00 1.50
5: 0.75 1.00 1.00
6: 0.75 1.00 1.00
7: 0.75 1.00 1.00
8: 3.00
9: 3.00
Team 1:
1: 1.50
2: 3.00 0.50 0.50
3: 3.00 0.50 0.50
4: 0.25 1.00 1.50 1.00 0.75
5: 3.00 0.50 0.50
6: 3.00 0.50 0.50
7: 3.00 0.50 0.50
8: 1.50
9: 1.50
Team 2:
1: 3.00
2: 1.50 1.00 1.00
3: 1.50 1.00 1.00
4: 0.25 4.00 1.50 1.00 0.75
5: 1.50 1.00 1.00
6: 1.50 1.00 1.00
7: 1.50 1.00 1.00
8: 3.00
9: 3.00
