Number_of_customers: 10
Number_of_teams: 3
Number_of_services: 3
Customers_requested_services:
2 1 1 1 2 1 1 1 0
Daily_available_time: 8
Service 0:
Number_of_tasks: 1
Dependencies:
0: 
Service 1:
Number_of_tasks: 3
Dependencies:
0: 
1: 0
2: 1
Service 2:
Number_of_tasks: 5
Dependencies:
0: 
1: 
2: 4
3: 
4: 0 1 3
Travel_times:
0.00 0.17 0.06 0.15 0.22 0.21 0.10 0.08 0.07 0.16
0.17 0.00 0.23 0.32 0.05 0.21 0.10 0.25 0.14 0.17
0.06 0.23 0.00 0.09 0.28 0.15 0.17 0.03 0.14 0.14
0.15 0.32 0.09 0.00 0.37 0.23 0.24 0.07 0.18 0.23
0.22 0.05 0.28 0.37 0.00 0.18 0.13 0.30 0.19 0.14
0.21 0.21 0.15 0.23 0.18 0.00 0.32 0.17 0.29 0.05
0.10 0.10 0.17 0.24 0.13 0.32 0.00 0.18 0.07 0.27
0.08 0.25 0.03 0.07 0.30 0.17 0.18 0.00 0.15 0.16
0.07 0.14 0.14 0.18 0.19 0.29 0.07 0.15 0.00 0.24
0.16 0.17 0.14 0.23 0.14 0.05 0.27 0.16 0.24 0.00
Team_tasks_times:
Team 0:
1: 2.00 3.00 2.00 1.50 1.00
2: 0.50 0.50 3.00
3: 0.50 0.50 3.00
4: 0.50 0.50 3.00
5: 2.00 3.00 2.00 1.50 1.00
6: 0.50 0.50 3.00
7: 0.50 0.50 3.00
8: 0.50 0.50 3.00
9: 2.00
Team 1:
1: 2.00 1.50 1.00 1.50 0.25
2: 2.00 0.25 0.75
3: 2.00 0.25 0.75
4: 2.00 0.25 0.75
5: 2.00 1.50 1.00 1.50 0.25
6: 2.00 0.25 0.75
7: 2.00 0.25 0.75
8: 2.00 0.25 0.75
9: 0.50
Team 2:
1: 4.00 1.50 2.00 0.75 0.25
2: 0.50 0.50 3.00
3: 0.50 0.50 3.00
4: 0.50 0.50 3.00
5: 4.00 1.50 2.00 0.75 0.25
6: 0.50 0.50 3.00
7: 0.50 0.50 3.00
8: 0.50 0.50 3.00
9: 1.00
