Number_of_customers: 10
Number_of_teams: 3
Number_of_services: 3
Customers_requested_services:
1 1 1 0 1 2 2 1 2
Daily_available_time: 8
Service 0:
Number_of_tasks: 1
Dependencies:
0: 
Service 1:
Number_of_tasks: 3
Dependencies:
0: 
1: 
2: 0 1
Service 2:
Number_of_tasks: 5
Dependencies:
0: 
1: 3 4
2: 3 4
3: 0
4: 0
Travel_times:
0.00 0.06 0.08 0.12 0.05 0.05 0.11 0.09 0.17 0.09
0.06 0.00 0.10 0.17 0.10 0.10 0.05 0.14 0.12 0.14
0.08 0.10 0.00 0.17 0.13 0.09 0.09 0.17 0.22 0.17
0.12 0.17 0.17 0.00 0.13 0.07 0.19 0.22 0.29 0.12
0.05 0.10 0.13 0.13 0.00 0.06 0.15 0.09 0.16 0.04
0.05 0.10 0.09 0.07 0.06 0.00 0.12 0.14 0.22 0.08
0.11 0.05 0.09 0.19 0.15 0.12 0.00 0.19 0.13 0.19
0.09 0.14 0.17 0.22 0.09 0.14 0.19 0.00 0.07 0.10
0.17 0.12 0.22 0.29 0.16 0.22 0.13 0.07 0.00 0.17
0.09 0.14 0.17 0.12 0.04 0.08 0.19 0.10 0.17 0.00
Team_tasks_times:
Team 0:
1: 1.00 3.00 2.00
2: 1.00 3.00 2.00
3: 1.00 3.00 2.00
4: 1.00
5: 1.00 3.00 2.00
6: 0.75 4.00 1.00 1.50 2.00
7: 0.75 4.00 1.00 1.50 2.00
8: 1.00 3.00 2.00
9: 0.75 4.00 1.00 1.50 2.00
Team 1:
1: 2.00 0.75 1.00
2: 2.00 0.75 1.00
3: 2.00 0.75 1.00
4: 1.00
5: 2.00 0.75 1.00
6: 0.75 1.00 1.00 0.75 1.00
7: 0.75 1.00 1.00 0.75 1.00
8: 2.00 0.75 1.00
9: 0.75 1.00 1.00 0.75 1.00
Team 2:
1: 2.00 1.50 1.00
2: 2.00 1.50 1.00
3: 2.00 1.50 1.00
4: 0.50
5: 2.00 1.50 1.00
6: 3.00 2.00 1.00 1.50 1.00
7: 3.00 2.00 1.00 1.50 1.00
8: 2.00 1.50 1.00
9: 3.00 2.00 1.00 1.50 1.00
