Number_of_customers: 10
Number_of_teams: 3
Number_of_services: 3
Customers_requested_services:
2 1 0 2 1 2 2 2 1
Daily_available_time: 8
Service 0:
Number_of_tasks: 1
Dependencies:
0: 
Service 1:
Number_of_tasks: 3
Dependencies:
0: 2
1: 
2: 1
Service 2:
Number_of_tasks: 5
Dependencies:
0: 
1: 0
2: 0
3: 0
4: 1 2 3
Travel_times:
0.00 0.27 0.15 0.05 0.07 0.07 0.20 0.19 0.14 0.06
0.27 0.00 0.27 0.22 0.33 0.21 0.07 0.08 0.21 0.33
0.15 0.27 0.00 0.15 0.23 0.08 0.20 0.19 0.29 0.12
0.05 0.22 0.15 0.00 0.11 0.07 0.15 0.14 0.13 0.11
0.07 0.33 0.23 0.11 0.00 0.15 0.26 0.25 0.11 0.11
0.07 0.21 0.08 0.07 0.15 0.00 0.15 0.14 0.21 0.12
0.20 0.07 0.20 0.15 0.26 0.15 0.00 0.07 0.15 0.26
0.19 0.08 0.19 0.14 0.25 0.14 0.07 0.00 0.21 0.25
0.14 0.21 0.29 0.13 0.11 0.21 0.15 0.21 0.00 0.17
0.06 0.33 0.12 0.11 0.11 0.12 0.26 0.25 0.17 0.00
Team_tasks_times:
Team 0:
1: 1.00 0.25 1.00 0.50 2.00
2: 0.75 3.00 2.00
3: 1.00
4: 1.00 0.25 1.00 0.50 2.00
5: 0.75 3.00 2.00
6: 1.00 0.25 1.00 0.50 2.00
7: 1.00 0.25 1.00 0.50 2.00
8: 1.00 0.25 1.00 0.50 2.00
9: 0.75 3.00 2.00
Team 1:
1: 4.00 1.00 1.00 1.00 2.00
2: 1.50 0.75 1.00
3: 2.00
4: 4.00 1.00 1.00 1.00 2.00
5: 1.50 0.75 1.00
6: 4.00 1.00 1.00 1.00 2.00
7: 4.00 1.00 1.00 1.00 2.00
8: 4.00 1.00 1.00 1.00 2.00
9: 1.50 0.75 1.00
Team 2:
1: 4.00 0.50 1.00 0.50 1.00
2: 0.75 3.00 2.00
3: 1.00
4: 4.00 0.50 1.00 0.50 1.00
5: 0.75 3.00 2.00
6: 4.00 0.50 1.00 0.50 1.00
7: 4.00 0.50 1.00 0.50 1.00
8: 4.00 0.50 1.00 0.50 1.00
9: 0.75 3.00 2.00
