Number_of_customers: 10
Number_of_teams: 3
Number_of_services: 3
Customers_requested_services:
0 0 0 1 2 0 2 0 0
Daily_available_time: 8
Service 0:
Number_of_tasks: 1
Dependencies:
0: 
Service 1:
Number_of_tasks: 3
Dependencies:
0: 1 2
1: 
2: 
Service 2:
Number_of_tasks: 5
Dependencies:
0: 
1: 
2: 4
3: 
4: 0 1 3
Travel_times:
0.00 0.07 0.14 0.14 0.20 0.14 0.19 0.16 0.12 0.03
0.07 0.00 0.17 0.08 0.19 0.21 0.12 0.22 0.09 0.03
0.14 0.17 0.00 0.24 0.06 0.20 0.30 0.05 0.22 0.16
0.14 0.08 0.24 0.00 0.21 0.28 0.06 0.29 0.02 0.11
0.20 0.19 0.06 0.21 0.00 0.26 0.27 0.08 0.19 0.22
0.14 0.21 0.20 0.28 0.26 0.00 0.33 0.21 0.26 0.17
0.19 0.12 0.30 0.06 0.27 0.33 0.00 0.35 0.07 0.16
0.16 0.22 0.05 0.29 0.08 0.21 0.35 0.00 0.27 0.19
0.12 0.09 0.22 0.02 0.19 0.26 0.07 0.27 0.00 0.12
0.03 0.03 0.16 0.11 0.22 0.17 0.16 0.19 0.12 0.00
Team_tasks_times:
Team 0:
1: 0.50
2: 0.50
3: 0.50
4: 2.00 1.50 1.00
5: 0.50 2.00 0.25 1.00 1.00
6: 0.50
7: 0.50 2.00 0.25 1.00 1.00
8: 0.50
9: 0.50
Team 1:
1: 0.50
2: 0.50
3: 0.50
4: 2.00 3.00 0.25
5: 0.25 2.00 1.00 0.50 1.00
6: 0.50
7: 0.25 2.00 1.00 0.50 1.00
8: 0.50
9: 0.50
Team 2:
1: 0.50
2: 0.50
3: 0.50
4: 0.50 3.00 0.25
5: 0.50 0.50 0.25 1.00 4.00
6: 0.50
7: 0.50 0.50 0.25 1.00 4.00
8: 0.50
9: 0.50
