Number_of_customers: 10
Number_of_teams: 3
Number_of_services: 3
Customers_requested_services:
2 1 2 0 0 2 0 0 0
Daily_available_time: 8
Service 0:
Number_of_tasks: 1
Dependencies:
0: 
Service 1:
Number_of_tasks: 3
Dependencies:
0: 1
1: 
2: 1
Service 2:
Number_of_tasks: 5
Dependencies:
0: 1 2 3 4
1: 
2: 
3: 
4: 
Travel_times:
0.00 0.21 0.09 0.10 0.12 0.05 0.28 0.15 0.14 0.16
0.21 0.00 0.12 0.16 0.10 0.17 0.29 0.07 0.20 0.17
0.09 0.12 0.00 0.04 0.03 0.10 0.36 0.05 0.22 0.25
0.10 0.16 0.04 0.00 0.06 0.11 0.37 0.09 0.23 0.26
0.12 0.10 0.03 0.06 0.00 0.10 0.36 0.03 0.22 0.25
0.05 0.17 0.10 0.11 0.10 0.00 0.27 0.10 0.12 0.15
0.28 0.29 0.36 0.37 0.36 0.27 0.00 0.35 0.17 0.12
0.15 0.07 0.05 0.09 0.03 0.10 0.35 0.00 0.21 0.24
0.14 0.20 0.22 0.23 0.22 0.12 0.17 0.21 0.00 0.08
0.16 0.17 0.25 0.26 0.25 0.15 0.12 0.24 0.08 0.00
Team_tasks_times:
Team 0:
1: 0.75 2.00 1.00 1.00 0.75
2: 2.00 1.00 1.00
3: 0.75 2.00 1.00 1.00 0.75
4: 500.00
5: 500.00
6: 0.75 2.00 1.00 1.00 0.75
7: 500.00
8: 500.00
9: 500.00
Team 1:
1: 3.00 500.00 2.00 2.00 0.75
2: 1.00 0.50 0.50
3: 3.00 500.00 2.00 2.00 0.75
4: 0.25
5: 0.25
6: 3.00 500.00 2.00 2.00 0.75
7: 0.25
8: 0.25
9: 0.25
Team 2:
1: 3.00 2000.00 4.00 0.25 0.75
2: 0.50 1.00 4.00
3: 3.00 2000.00 4.00 0.25 0.75
4: 2000.00
5: 2000.00
6: 3.00 2000.00 4.00 0.25 0.75
7: 2000.00
8: 2000.00
9: 2000.00
