Number_of_customers: 10
Number_of_teams: 3
Number_of_services: 3
Customers_requested_services:
2 0 2 1 0 2 1 1 1
Daily_available_time: 8
Service 0:
Number_of_tasks: 1
Dependencies:
0: 
Service 1:
Number_of_tasks: 3
Dependencies:
0: 
1: 0
2: 0
Service 2:
Number_of_tasks: 5
Dependencies:
0: 
1: 
2: 
3: 0 1 2
4: 0 1 2
Travel_times:
0.00 0.24 0.19 0.25 0.26 0.16 0.19 0.27 0.18 0.24
0.24 0.00 0.21 0.13 0.17 0.11 0.21 0.09 0.05 0.13
0.19 0.21 0.00 0.34 0.07 0.25 0.00 0.12 0.25 0.34
0.25 0.13 0.34 0.00 0.30 0.09 0.34 0.22 0.09 0.00
0.26 0.17 0.07 0.30 0.00 0.22 0.07 0.09 0.21 0.30
0.16 0.11 0.25 0.09 0.22 0.00 0.26 0.15 0.06 0.08
0.19 0.21 0.00 0.34 0.07 0.26 0.00 0.12 0.25 0.34
0.27 0.09 0.12 0.22 0.09 0.15 0.12 0.00 0.13 0.21
0.18 0.05 0.25 0.09 0.21 0.06 0.25 0.13 0.00 0.09
0.24 0.13 0.34 0.00 0.30 0.08 0.34 0.21 0.09 0.00
Team_tasks_times:
Team 0:
1: 1000.00 2.00 1.00 500.00 1.50
2: 1.00
3: 1000.00 2.00 1.00 500.00 1.50
4: 4.00 1.00 1000.00
5: 1.00
6: 1000.00 2.00 1.00 500.00 1.50
7: 4.00 1.00 1000.00
8: 4.00 1.00 1000.00
9: 4.00 1.00 1000.00
Team 1:
1: 2000.00 1.00 2.00 1000.00 0.75
2: 500.00
3: 2000.00 1.00 2.00 1000.00 0.75
4: 0.25 1.00 0.50
5: 500.00
6: 2000.00 1.00 2.00 1000.00 0.75
7: 0.25 1.00 0.50
8: 0.25 1.00 0.50
9: 0.25 1.00 0.50
Team 2:
1: 2.00 1.00 0.25 1.00 1.50
2: 500.00
3: 2.00 1.00 0.25 1.00 1.50
4: 0.25 1.00 1000.00
5: 500.00
6: 2.00 1.00 0.25 1.00 1.50
7: 0.25 1.00 1000.00
8: 0.25 1.00 1000.00
9: 0.25 1.00 1000.00
