Number_of_customers: 10
Number_of_teams: 3
Number_of_services: 1
Customers_requested_services:
0 0 0 0 0 0 0 0 0
Daily_available_time: 8
Service 0:
Number_of_tasks: 3
Dependencies:
0: 1
1: 
2: 1
Travel_times:
0.00 0.40 0.20 0.06 0.06 0.13 0.24 0.21 0.35 0.39
0.40 0.00 0.20 0.37 0.37 0.27 0.17 0.20 0.10 0.06
0.20 0.20 0.00 0.17 0.17 0.12 0.04 0.01 0.15 0.19
0.06 0.37 0.17 0.00 0.00 0.10 0.21 0.17 0.32 0.36
0.06 0.37 0.17 0.00 0.00 0.10 0.21 0.17 0.32 0.36
0.13 0.27 0.12 0.10 0.10 0.00 0.11 0.13 0.22 0.26
0.24 0.17 0.04 0.21 0.21 0.11 0.00 0.04 0.11 0.15
0.21 0.20 0.01 0.17 0.17 0.13 0.04 0.00 0.15 0.19
0.35 0.10 0.15 0.32 0.32 0.22 0.11 0.15 0.00 0.04
0.39 0.06 0.19 0.36 0.36 0.26 0.15 0.19 0.04 0.00
Team_tasks_times:
Team 0:
1: 0.75 1000.00 1000.00
2: 0.75 1000.00 1000.00
3: 0.75 1000.00 1000.00
4: 0.75 1000.00 1000.00
5: 0.75 1000.00 1000.00
6: 0.75 1000.00 1000.00
7: 0.75 1000.00 1000.00
8: 0.75 1000.00 1000.00
9: 0.75 1000.00 1000.00
Team 1:
1: 1000.00 1.50 1000.00
2: 1000.00 1.50 1000.00
3: 1000.00 1.50 1000.00
4: 1000.00 1.50 1000.00
5: 1000.00 1.50 1000.00
6: 1000.00 1.50 1000.00
7: 1000.00 1.50 1000.00
8: 1000.00 1.50 1000.00
9: 1000.00 1.50 1000.00
Team 2:
1: 1000.00 1000.00 1.00
2: 1000.00 1000.00 1.00
3: 1000.00 1000.00 1.00
4: 1000.00 1000.00 1.00
5: 1000.00 1000.00 1.00
6: 1000.00 1000.00 1.00
7: 1000.00 1000.00 1.00
8: 1000.00 1000.00 1.00
9: 1000.00 1000.00 1.00
