Number_of_customers: 10
Number_of_teams: 3
Number_of_services: 1
Customers_requested_services:
0 0 0 0 0 0 0 0 0
Daily_available_time: 8
Service 0:
Number_of_tasks: 3
Dependencies:
0: 
1: 0 2
2: 
Travel_times:
0.00 0.12 0.14 0.06 0.20 0.17 0.14 0.14 0.14 0.09
0.12 0.00 0.25 0.15 0.12 0.25 0.15 0.21 0.06 0.16
0.14 0.25 0.00 0.11 0.16 0.20 0.10 0.17 0.25 0.09
0.06 0.15 0.11 0.00 0.13 0.23 0.07 0.20 0.14 0.02
0.20 0.12 0.16 0.13 0.00 0.37 0.07 0.33 0.09 0.11
0.17 0.25 0.20 0.23 0.37 0.00 0.31 0.09 0.31 0.26
0.14 0.15 0.10 0.07 0.07 0.31 0.00 0.27 0.15 0.05
0.14 0.21 0.17 0.20 0.33 0.09 0.27 0.00 0.27 0.22
0.14 0.06 0.25 0.14 0.09 0.31 0.15 0.27 0.00 0.15
0.09 0.16 0.09 0.02 0.11 0.26 0.05 0.22 0.15 0.00
Team_tasks_times:
Team 0:
1: 3.00 1000.00 1000.00
2: 3.00 1000.00 1000.00
3: 3.00 1000.00 1000.00
4: 3.00 1000.00 1000.00
5: 3.00 1000.00 1000.00
6: 3.00 1000.00 1000.00
7: 3.00 1000.00 1000.00
8: 3.00 1000.00 1000.00
9: 3.00 1000.00 1000.00
Team 1:
1: 1000.00 4.00 1000.00
2: 1000.00 4.00 1000.00
3: 1000.00 4.00 1000.00
4: 1000.00 4.00 1000.00
5: 1000.00 4.00 1000.00
6: 1000.00 4.00 1000.00
7: 1000.00 4.00 1000.00
8: 1000.00 4.00 1000.00
9: 1000.00 4.00 1000.00
Team 2:
1: 1000.00 1000.00 4.00
2: 1000.00 1000.00 4.00
3: 1000.00 1000.00 4.00
4: 1000.00 1000.00 4.00
5: 1000.00 1000.00 4.00
6: 1000.00 1000.00 4.00
7: 1000.00 1000.00 4.00
8: 1000.00 1000.00 4.00
9: 1000.00 1000.00 4.00
