Number_of_customers: 10
Number_of_teams: 3
Number_of_services: 1
Customers_requested_services:
0 0 0 0 0 0 0 0 0
Daily_available_time: 8
Service 0:
Number_of_tasks: 3
Dependencies:
0: 
1: 
2: 
Travel_times:
0.00 0.06 0.11 0.13 0.12 0.08 0.11 0.16 0.19 0.11
0.06 0.00 0.04 0.19 0.15 0.14 0.17 0.22 0.25 0.08
0.11 0.04 0.00 0.24 0.13 0.18 0.21 0.27 0.30 0.13
0.13 0.19 0.24 0.00 0.12 0.05 0.02 0.07 0.06 0.11
0.12 0.15 0.13 0.12 0.00 0.17 0.10 0.16 0.18 0.23
0.08 0.14 0.18 0.05 0.17 0.00 0.07 0.12 0.11 0.06
0.11 0.17 0.21 0.02 0.10 0.07 0.00 0.06 0.08 0.12
0.16 0.22 0.27 0.07 0.16 0.12 0.06 0.00 0.10 0.17
0.19 0.25 0.30 0.06 0.18 0.11 0.08 0.10 0.00 0.17
0.11 0.08 0.13 0.11 0.23 0.06 0.12 0.17 0.17 0.00
Team_tasks_times:
Team 0:
1: 2.00 1000.00 1000.00
2: 2.00 1000.00 1000.00
3: 2.00 1000.00 1000.00
4: 2.00 1000.00 1000.00
5: 2.00 1000.00 1000.00
6: 2.00 1000.00 1000.00
7: 2.00 1000.00 1000.00
8: 2.00 1000.00 1000.00
9: 2.00 1000.00 1000.00
Team 1:
1: 1000.00 4.00 1000.00
2: 1000.00 4.00 1000.00
3: 1000.00 4.00 1000.00
4: 1000.00 4.00 1000.00
5: 1000.00 4.00 1000.00
6: 1000.00 4.00 1000.00
7: 1000.00 4.00 1000.00
8: 1000.00 4.00 1000.00
9: 1000.00 4.00 1000.00
Team 2:
1: 1000.00 1000.00 3.00
2: 1000.00 1000.00 3.00
3: 1000.00 1000.00 3.00
4: 1000.00 1000.00 3.00
5: 1000.00 1000.00 3.00
6: 1000.00 1000.00 3.00
7: 1000.00 1000.00 3.00
8: 1000.00 1000.00 3.00
9: 1000.00 1000.00 3.00
