Number_of_customers: 10
Number_of_teams: 3
Number_of_services: 1
Customers_requested_services:
0 0 0 0 0 0 0 0 0
Daily_available_time: 8
Service 0:
Number_of_tasks: 3
Dependencies:
0: 
1: 0
2: 0
Travel_times:
0.00 0.30 0.14 0.06 0.14 0.30 0.04 0.08 0.19 0.33
0.30 0.00 0.16 0.36 0.16 0.01 0.35 0.22 0.11 0.13
0.14 0.16 0.00 0.20 0.18 0.16 0.18 0.15 0.12 0.19
0.06 0.36 0.20 0.00 0.20 0.36 0.02 0.14 0.25 0.39
0.14 0.16 0.18 0.20 0.00 0.16 0.18 0.06 0.06 0.19
0.30 0.01 0.16 0.36 0.16 0.00 0.35 0.22 0.11 0.14
0.04 0.35 0.18 0.02 0.18 0.35 0.00 0.13 0.24 0.37
0.08 0.22 0.15 0.14 0.06 0.22 0.13 0.00 0.11 0.25
0.19 0.11 0.12 0.25 0.06 0.11 0.24 0.11 0.00 0.14
0.33 0.13 0.19 0.39 0.19 0.14 0.37 0.25 0.14 0.00
Team_tasks_times:
Team 0:
1: 4.00 1000.00 1000.00
2: 4.00 1000.00 1000.00
3: 4.00 1000.00 1000.00
4: 4.00 1000.00 1000.00
5: 4.00 1000.00 1000.00
6: 4.00 1000.00 1000.00
7: 4.00 1000.00 1000.00
8: 4.00 1000.00 1000.00
9: 4.00 1000.00 1000.00
Team 1:
1: 1000.00 3.00 1000.00
2: 1000.00 3.00 1000.00
3: 1000.00 3.00 1000.00
4: 1000.00 3.00 1000.00
5: 1000.00 3.00 1000.00
6: 1000.00 3.00 1000.00
7: 1000.00 3.00 1000.00
8: 1000.00 3.00 1000.00
9: 1000.00 3.00 1000.00
Team 2:
1: 1000.00 1000.00 4.00
2: 1000.00 1000.00 4.00
3: 1000.00 1000.00 4.00
4: 1000.00 1000.00 4.00
5: 1000.00 1000.00 4.00
6: 1000.00 1000.00 4.00
7: 1000.00 1000.00 4.00
8: 1000.00 1000.00 4.00
9: 1000.00 1000.00 4.00
