Number_of_customers: 10
Number_of_teams: 3
Number_of_services: 1
Customers_requested_services:
0 0 0 0 0 0 0 0 0
Daily_available_time: 8
Service 0:
Number_of_tasks: 3
Dependencies:
0: 
1: 0 2
2: 
Travel_times:
0.00 0.19 0.21 0.09 0.22 0.04 0.19 0.09 0.26 0.33
0.19 0.00 0.15 0.20 0.04 0.15 0.15 0.10 0.07 0.14
0.21 0.15 0.00 0.23 0.17 0.19 0.18 0.14 0.15 0.17
0.09 0.20 0.23 0.00 0.23 0.09 0.10 0.10 0.27 0.34
0.22 0.04 0.17 0.23 0.00 0.18 0.19 0.14 0.04 0.10
0.04 0.15 0.19 0.09 0.18 0.00 0.18 0.06 0.22 0.29
0.19 0.15 0.18 0.10 0.19 0.18 0.00 0.13 0.23 0.29
0.09 0.10 0.14 0.10 0.14 0.06 0.13 0.00 0.17 0.24
0.26 0.07 0.15 0.27 0.04 0.22 0.23 0.17 0.00 0.07
0.33 0.14 0.17 0.34 0.10 0.29 0.29 0.24 0.07 0.00
Team_tasks_times:
Team 0:
1: 0.75 1000.00 1000.00
2: 0.75 1000.00 1000.00
3: 0.75 1000.00 1000.00
4: 0.75 1000.00 1000.00
5: 0.75 1000.00 1000.00
6: 0.75 1000.00 1000.00
7: 0.75 1000.00 1000.00
8: 0.75 1000.00 1000.00
9: 0.75 1000.00 1000.00
Team 1:
1: 1000.00 0.25 1000.00
2: 1000.00 0.25 1000.00
3: 1000.00 0.25 1000.00
4: 1000.00 0.25 1000.00
5: 1000.00 0.25 1000.00
6: 1000.00 0.25 1000.00
7: 1000.00 0.25 1000.00
8: 1000.00 0.25 1000.00
9: 1000.00 0.25 1000.00
Team 2:
1: 1000.00 1000.00 4.00
2: 1000.00 1000.00 4.00
3: 1000.00 1000.00 4.00
4: 1000.00 1000.00 4.00
5: 1000.00 1000.00 4.00
6: 1000.00 1000.00 4.00
7: 1000.00 1000.00 4.00
8: 1000.00 1000.00 4.00
9: 1000.00 1000.00 4.00
