Number_of_customers: 15
Number_of_teams: 3
Number_of_services: 3
Customers_requested_services:
2 1 2 2 2 0 2 2 0 2 2 1 1 0
Daily_available_time: 8
Service 0:
Number_of_tasks: 1
Dependencies:
0: 
Service 1:
Number_of_tasks: 3
Dependencies:
0: 2
1: 2
2: 
Service 2:
Number_of_tasks: 5
Dependencies:
0: 
1: 0 2
2: 
3: 0 2
4: 0 2
Travel_times:
0.00 0.13 0.03 0.08 0.06 0.12 0.09 0.09 0.19 0.19 0.32 0.19 0.12 0.18 0.22
0.13 0.00 0.16 0.12 0.07 0.10 0.05 0.14 0.17 0.06 0.31 0.18 0.03 0.05 0.09
0.03 0.16 0.00 0.08 0.09 0.15 0.11 0.09 0.19 0.21 0.32 0.19 0.15 0.21 0.24
0.08 0.12 0.08 0.00 0.05 0.19 0.07 0.17 0.27 0.17 0.40 0.27 0.11 0.17 0.20
0.06 0.07 0.09 0.05 0.00 0.17 0.03 0.15 0.25 0.13 0.38 0.26 0.06 0.12 0.15
0.12 0.10 0.15 0.19 0.17 0.00 0.15 0.13 0.08 0.11 0.21 0.09 0.12 0.11 0.10
0.09 0.05 0.11 0.07 0.03 0.15 0.00 0.13 0.23 0.10 0.36 0.23 0.04 0.09 0.13
0.09 0.14 0.09 0.17 0.15 0.13 0.13 0.00 0.17 0.20 0.23 0.13 0.13 0.19 0.23
0.19 0.17 0.19 0.27 0.25 0.08 0.23 0.17 0.00 0.19 0.13 0.04 0.21 0.19 0.17
0.19 0.06 0.21 0.17 0.13 0.11 0.10 0.20 0.19 0.00 0.32 0.19 0.07 0.01 0.03
0.32 0.31 0.32 0.40 0.38 0.21 0.36 0.23 0.13 0.32 0.00 0.13 0.34 0.32 0.30
0.19 0.18 0.19 0.27 0.26 0.09 0.23 0.13 0.04 0.19 0.13 0.00 0.21 0.19 0.17
0.12 0.03 0.15 0.11 0.06 0.12 0.04 0.13 0.21 0.07 0.34 0.21 0.00 0.06 0.10
0.18 0.05 0.21 0.17 0.12 0.11 0.09 0.19 0.19 0.01 0.32 0.19 0.06 0.00 0.04
0.22 0.09 0.24 0.20 0.15 0.10 0.13 0.23 0.17 0.03 0.30 0.17 0.10 0.04 0.00
Team_tasks_times:
Team 0:
1: 3.00 0.25 1.00 2.00 0.50
2: 2.00 2.00 1.00
3: 3.00 0.25 1.00 2.00 0.50
4: 3.00 0.25 1.00 2.00 0.50
5: 3.00 0.25 1.00 2.00 0.50
6: 0.50
7: 3.00 0.25 1.00 2.00 0.50
8: 3.00 0.25 1.00 2.00 0.50
9: 0.50
10: 3.00 0.25 1.00 2.00 0.50
11: 3.00 0.25 1.00 2.00 0.50
12: 2.00 2.00 1.00
13: 2.00 2.00 1.00
14: 0.50
Team 1:
1: 1.50 0.25 4.00 2.00 0.50
2: 1.00 2.00 0.25
3: 1.50 0.25 4.00 2.00 0.50
4: 1.50 0.25 4.00 2.00 0.50
5: 1.50 0.25 4.00 2.00 0.50
6: 0.25
7: 1.50 0.25 4.00 2.00 0.50
8: 1.50 0.25 4.00 2.00 0.50
9: 0.25
10: 1.50 0.25 4.00 2.00 0.50
11: 1.50 0.25 4.00 2.00 0.50
12: 1.00 2.00 0.25
13: 1.00 2.00 0.25
14: 0.25
Team 2:
1: 0.75 1.00 4.00 1.00 0.50
2: 4.00 4.00 0.25
3: 0.75 1.00 4.00 1.00 0.50
4: 0.75 1.00 4.00 1.00 0.50
5: 0.75 1.00 4.00 1.00 0.50
6: 1.00
7: 0.75 1.00 4.00 1.00 0.50
8: 0.75 1.00 4.00 1.00 0.50
9: 1.00
10: 0.75 1.00 4.00 1.00 0.50
11: 0.75 1.00 4.00 1.00 0.50
12: 4.00 4.00 0.25
13: 4.00 4.00 0.25
14: 1.00
