Number_of_customers: 15
Number_of_teams: 3
Number_of_services: 3
Customers_requested_services:
2 0 0 1 0 2 1 1 0 2 1 1 1 2
Daily_available_time: 8
Service 0:
Number_of_tasks: 1
Dependencies:
0: 
Service 1:
Number_of_tasks: 3
Dependencies:
0: 
1: 0 2
2: 
Service 2:
Number_of_tasks: 5
Dependencies:
0: 4
1: 4
2: 4
3: 4
4: 
Travel_times:
0.00 0.35 0.01 0.09 0.07 0.13 0.23 0.17 0.08 0.10 0.06 0.07 0.14 0.17 0.17
0.35 0.00 0.35 0.31 0.35 0.32 0.12 0.18 0.28 0.27 0.29 0.42 0.21 0.18 0.18
0.01 0.35 0.00 0.09 0.07 0.14 0.22 0.16 0.09 0.11 0.06 0.07 0.13 0.17 0.17
0.09 0.31 0.09 0.00 0.04 0.23 0.20 0.13 0.17 0.20 0.10 0.11 0.13 0.18 0.13
0.07 0.35 0.07 0.04 0.00 0.21 0.23 0.17 0.15 0.18 0.09 0.08 0.14 0.17 0.17
0.13 0.32 0.14 0.23 0.21 0.00 0.20 0.14 0.05 0.05 0.12 0.13 0.11 0.14 0.23
0.23 0.12 0.22 0.20 0.23 0.20 0.00 0.10 0.15 0.15 0.17 0.30 0.09 0.06 0.21
0.17 0.18 0.16 0.13 0.17 0.14 0.10 0.00 0.10 0.09 0.11 0.24 0.03 0.08 0.12
0.08 0.28 0.09 0.17 0.15 0.05 0.15 0.10 0.00 0.02 0.07 0.14 0.07 0.10 0.18
0.10 0.27 0.11 0.20 0.18 0.05 0.15 0.09 0.02 0.00 0.09 0.15 0.06 0.09 0.20
0.06 0.29 0.06 0.10 0.09 0.12 0.17 0.11 0.07 0.09 0.00 0.13 0.07 0.11 0.11
0.07 0.42 0.07 0.11 0.08 0.13 0.30 0.24 0.14 0.15 0.13 0.00 0.21 0.24 0.24
0.14 0.21 0.13 0.13 0.14 0.11 0.09 0.03 0.07 0.06 0.07 0.21 0.00 0.05 0.14
0.17 0.18 0.17 0.18 0.17 0.14 0.06 0.08 0.10 0.09 0.11 0.24 0.05 0.00 0.19
0.17 0.18 0.17 0.13 0.17 0.23 0.21 0.12 0.18 0.20 0.11 0.24 0.14 0.19 0.00
Team_tasks_times:
Team 0:
1: 1.00 1.00 0.50 1.00 1.50
2: 0.25
3: 0.25
4: 2.00 0.25 1.00
5: 0.25
6: 1.00 1.00 0.50 1.00 1.50
7: 2.00 0.25 1.00
8: 2.00 0.25 1.00
9: 0.25
10: 1.00 1.00 0.50 1.00 1.50
11: 2.00 0.25 1.00
12: 2.00 0.25 1.00
13: 2.00 0.25 1.00
14: 1.00 1.00 0.50 1.00 1.50
Team 1:
1: 2.00 0.50 0.50 1.00 1.50
2: 0.50
3: 0.50
4: 4.00 0.50 2.00
5: 0.50
6: 2.00 0.50 0.50 1.00 1.50
7: 4.00 0.50 2.00
8: 4.00 0.50 2.00
9: 0.50
10: 2.00 0.50 0.50 1.00 1.50
11: 4.00 0.50 2.00
12: 4.00 0.50 2.00
13: 4.00 0.50 2.00
14: 2.00 0.50 0.50 1.00 1.50
Team 2:
1: 0.50 1.00 1.00 1.00 1.50
2: 1.00
3: 1.00
4: 2.00 0.50 0.50
5: 1.00
6: 0.50 1.00 1.00 1.00 1.50
7: 2.00 0.50 0.50
8: 2.00 0.50 0.50
9: 1.00
10: 0.50 1.00 1.00 1.00 1.50
11: 2.00 0.50 0.50
12: 2.00 0.50 0.50
13: 2.00 0.50 0.50
14: 0.50 1.00 1.00 1.00 1.50
