Number_of_customers: 15
Number_of_teams: 3
Number_of_services: 3
Customers_requested_services:
1 2 0 2 2 2 1 1 0 2 1 1 2 0
Daily_available_time: 8
Service 0:
Number_of_tasks: 1
Dependencies:
0: 
Service 1:
Number_of_tasks: 3
Dependencies:
0: 1
1: 
2: 1
Service 2:
Number_of_tasks: 5
Dependencies:
0: 1 2 3 4
1: 
2: 
3: 
4: 
Travel_times:
0.00 0.07 0.15 0.32 0.10 0.14 0.17 0.26 0.10 0.19 0.04 0.33 0.21 0.22 0.22
0.07 0.00 0.14 0.31 0.04 0.07 0.16 0.25 0.13 0.12 0.06 0.32 0.20 0.21 0.15
0.15 0.14 0.00 0.23 0.15 0.19 0.17 0.13 0.05 0.24 0.10 0.18 0.22 0.07 0.27
0.32 0.31 0.23 0.00 0.31 0.28 0.15 0.10 0.25 0.21 0.27 0.05 0.11 0.26 0.17
0.10 0.04 0.15 0.31 0.00 0.04 0.16 0.25 0.17 0.10 0.10 0.32 0.20 0.21 0.14
0.14 0.07 0.19 0.28 0.04 0.00 0.13 0.22 0.21 0.06 0.14 0.29 0.17 0.22 0.10
0.17 0.16 0.17 0.15 0.16 0.13 0.00 0.09 0.18 0.07 0.12 0.16 0.05 0.20 0.10
0.26 0.25 0.13 0.10 0.25 0.22 0.09 0.00 0.16 0.15 0.21 0.07 0.09 0.17 0.13
0.10 0.13 0.05 0.25 0.17 0.21 0.18 0.16 0.00 0.25 0.07 0.23 0.24 0.12 0.28
0.19 0.12 0.24 0.21 0.10 0.06 0.07 0.15 0.25 0.00 0.18 0.23 0.10 0.27 0.04
0.04 0.06 0.10 0.27 0.10 0.14 0.12 0.21 0.07 0.18 0.00 0.29 0.17 0.17 0.21
0.33 0.32 0.18 0.05 0.32 0.29 0.16 0.07 0.23 0.23 0.29 0.00 0.12 0.21 0.19
0.21 0.20 0.22 0.11 0.20 0.17 0.05 0.09 0.24 0.10 0.17 0.12 0.00 0.25 0.07
0.22 0.21 0.07 0.26 0.21 0.22 0.20 0.17 0.12 0.27 0.17 0.21 0.25 0.00 0.30
0.22 0.15 0.27 0.17 0.14 0.10 0.10 0.13 0.28 0.04 0.21 0.19 0.07 0.30 0.00
Team_tasks_times:
Team 0:
1: 4.00 2.00 1.00
2: 1.00 0.75 0.75 2.00 1.00
3: 3.00
4: 1.00 0.75 0.75 2.00 1.00
5: 1.00 0.75 0.75 2.00 1.00
6: 1.00 0.75 0.75 2.00 1.00
7: 4.00 2.00 1.00
8: 4.00 2.00 1.00
9: 3.00
10: 1.00 0.75 0.75 2.00 1.00
11: 4.00 2.00 1.00
12: 4.00 2.00 1.00
13: 1.00 0.75 0.75 2.00 1.00
14: 3.00
Team 1:
1: 0.50 0.50 1.00
2: 1.00 2000.00 1.00 1.00 0.25
3: 1.50
4: 1.00 2000.00 1.00 1.00 0.25
5: 1.00 2000.00 1.00 1.00 0.25
6: 1.00 2000.00 1.00 1.00 0.25
7: 0.50 0.50 1.00
8: 0.50 0.50 1.00
9: 1.50
10: 1.00 2000.00 1.00 1.00 0.25
11: 0.50 0.50 1.00
12: 0.50 0.50 1.00
13: 1.00 2000.00 1.00 1.00 0.25
14: 1.50
Team 2:
1: 0.50 0.75 1.00
2: 0.50 500.00 0.75 1.00 0.50
3: 1.50
4: 0.50 500.00 0.75 1.00 0.50
5: 0.50 500.00 0.75 1.00 0.50
6: 0.50 500.00 0.75 1.00 0.50
7: 0.50 0.75 1.00
8: 0.50 0.75 1.00
9: 1.50
10: 0.50 500.00 0.75 1.00 0.50
11: 0.50 0.75 1.00
12: 0.50 0.75 1.00
13: 0.50 500.00 0.75 1.00 0.50
14: 1.50
