Number_of_customers: 15
Number_of_teams: 3
Number_of_services: 3
Customers_requested_services:
0 2 0 0 1 0 2 2 1 1 0 1 1 2
Daily_available_time: 8
Service 0:
Number_of_tasks: 1
Dependencies:
0: 
Service 1:
Number_of_tasks: 3
Dependencies:
0: 1
1: 
2: 0
Service 2:
Number_of_tasks: 5
Dependencies:
0: 2 3 4
1: 2 3 4
2: 
3: 
4: 
Travel_times:
0.00 0.12 0.05 0.12 0.17 0.03 0.18 0.17 0.18 0.07 0.15 0.21 0.16 0.14 0.22
0.12 0.00 0.12 0.19 0.29 0.15 0.30 0.24 0.19 0.15 0.23 0.29 0.22 0.21 0.29
0.05 0.12 0.00 0.11 0.22 0.08 0.24 0.12 0.14 0.05 0.11 0.17 0.11 0.10 0.17
0.12 0.19 0.11 0.00 0.11 0.14 0.13 0.09 0.24 0.06 0.13 0.10 0.21 0.11 0.18
0.17 0.29 0.22 0.11 0.00 0.14 0.02 0.20 0.35 0.17 0.24 0.19 0.33 0.23 0.29
0.03 0.15 0.08 0.14 0.14 0.00 0.16 0.19 0.21 0.10 0.18 0.24 0.19 0.17 0.24
0.18 0.30 0.24 0.13 0.02 0.16 0.00 0.21 0.37 0.19 0.26 0.21 0.35 0.24 0.31
0.17 0.24 0.12 0.09 0.20 0.19 0.21 0.00 0.15 0.09 0.04 0.05 0.13 0.03 0.10
0.18 0.19 0.14 0.24 0.35 0.21 0.37 0.15 0.00 0.18 0.11 0.16 0.04 0.13 0.11
0.07 0.15 0.05 0.06 0.17 0.10 0.19 0.09 0.18 0.00 0.08 0.14 0.16 0.07 0.15
0.15 0.23 0.11 0.13 0.24 0.18 0.26 0.04 0.11 0.08 0.00 0.06 0.09 0.02 0.07
0.21 0.29 0.17 0.10 0.19 0.24 0.21 0.05 0.16 0.14 0.06 0.00 0.14 0.07 0.10
0.16 0.22 0.11 0.21 0.33 0.19 0.35 0.13 0.04 0.16 0.09 0.14 0.00 0.10 0.07
0.14 0.21 0.10 0.11 0.23 0.17 0.24 0.03 0.13 0.07 0.02 0.07 0.10 0.00 0.08
0.22 0.29 0.17 0.18 0.29 0.24 0.31 0.10 0.11 0.15 0.07 0.10 0.07 0.08 0.00
Team_tasks_times:
Team 0:
1: 500.00
2: 1.00 1.00 0.50 1.00 0.25
3: 500.00
4: 500.00
5: 0.75 2000.00 2.00
6: 500.00
7: 1.00 1.00 0.50 1.00 0.25
8: 1.00 1.00 0.50 1.00 0.25
9: 0.75 2000.00 2.00
10: 0.75 2000.00 2.00
11: 500.00
12: 0.75 2000.00 2.00
13: 0.75 2000.00 2.00
14: 1.00 1.00 0.50 1.00 0.25
Team 1:
1: 1.00
2: 1.50 1.50 0.25 1.00 3.00
3: 1.00
4: 1.00
5: 1.00 1.00 2.00
6: 1.00
7: 1.50 1.50 0.25 1.00 3.00
8: 1.50 1.50 0.25 1.00 3.00
9: 1.00 1.00 2.00
10: 1.00 1.00 2.00
11: 1.00
12: 1.00 1.00 2.00
13: 1.00 1.00 2.00
14: 1.50 1.50 0.25 1.00 3.00
Team 2:
1: 1000.00
2: 0.75 0.50 0.50 0.50 3.00
3: 1000.00
4: 1000.00
5: 1.50 1000.00 0.50
6: 1000.00
7: 0.75 0.50 0.50 0.50 3.00
8: 0.75 0.50 0.50 0.50 3.00
9: 1.50 1000.00 0.50
10: 1.50 1000.00 0.50
11: 1000.00
12: 1.50 1000.00 0.50
13: 1.50 1000.00 0.50
14: 0.75 0.50 0.50 0.50 3.00
