Number_of_customers: 15
Number_of_teams: 3
Number_of_services: 3
Customers_requested_services:
0 1 0 2 0 2 2 0 0 2 2 0 0 1
Daily_available_time: 8
Service 0:
Number_of_tasks: 1
Dependencies:
0: 
Service 1:
Number_of_tasks: 3
Dependencies:
0: 1 2
1: 
2: 
Service 2:
Number_of_tasks: 5
Dependencies:
0: 
1: 
2: 4
3: 
4: 0 1 3
Travel_times:
0.00 0.25 0.14 0.20 0.34 0.20 0.15 0.09 0.32 0.26 0.20 0.19 0.03 0.05 0.37
0.25 0.00 0.11 0.05 0.09 0.12 0.14 0.17 0.06 0.20 0.13 0.18 0.23 0.20 0.11
0.14 0.11 0.00 0.15 0.20 0.06 0.03 0.17 0.17 0.32 0.06 0.29 0.11 0.13 0.23
0.20 0.05 0.15 0.00 0.14 0.16 0.17 0.11 0.12 0.17 0.17 0.15 0.17 0.15 0.17
0.34 0.09 0.20 0.14 0.00 0.14 0.19 0.25 0.02 0.24 0.14 0.21 0.31 0.29 0.15
0.20 0.12 0.06 0.16 0.14 0.00 0.05 0.18 0.11 0.33 0.01 0.31 0.17 0.15 0.24
0.15 0.14 0.03 0.17 0.19 0.05 0.00 0.20 0.17 0.35 0.04 0.32 0.12 0.16 0.26
0.09 0.17 0.17 0.11 0.25 0.18 0.20 0.00 0.23 0.17 0.19 0.12 0.09 0.04 0.28
0.32 0.06 0.17 0.12 0.02 0.11 0.17 0.23 0.00 0.26 0.12 0.23 0.29 0.26 0.17
0.26 0.20 0.32 0.17 0.24 0.33 0.35 0.17 0.26 0.00 0.34 0.07 0.24 0.21 0.11
0.20 0.13 0.06 0.17 0.14 0.01 0.04 0.19 0.12 0.34 0.00 0.31 0.17 0.15 0.25
0.19 0.18 0.29 0.15 0.21 0.31 0.32 0.12 0.23 0.07 0.31 0.00 0.21 0.17 0.17
0.03 0.23 0.11 0.17 0.31 0.17 0.12 0.09 0.29 0.24 0.17 0.21 0.00 0.05 0.34
0.05 0.20 0.13 0.15 0.29 0.15 0.16 0.04 0.26 0.21 0.15 0.17 0.05 0.00 0.31
0.37 0.11 0.23 0.17 0.15 0.24 0.26 0.28 0.17 0.11 0.25 0.17 0.34 0.31 0.00
Team_tasks_times:
Team 0:
1: 2000.00
2: 2.00 0.50 3.00
3: 2000.00
4: 500.00 0.50 0.25 1.00 0.50
5: 2000.00
6: 500.00 0.50 0.25 1.00 0.50
7: 500.00 0.50 0.25 1.00 0.50
8: 2000.00
9: 2000.00
10: 500.00 0.50 0.25 1.00 0.50
11: 500.00 0.50 0.25 1.00 0.50
12: 2000.00
13: 2000.00
14: 2.00 0.50 3.00
Team 1:
1: 0.25
2: 500.00 0.50 1.50
3: 0.25
4: 2000.00 2.00 2.00 2.00 2.00
5: 0.25
6: 2000.00 2.00 2.00 2.00 2.00
7: 2000.00 2.00 2.00 2.00 2.00
8: 0.25
9: 0.25
10: 2000.00 2.00 2.00 2.00 2.00
11: 2000.00 2.00 2.00 2.00 2.00
12: 0.25
13: 0.25
14: 500.00 0.50 1.50
Team 2:
1: 1000.00
2: 2000.00 0.50 0.75
3: 1000.00
4: 0.25 0.50 0.25 0.50 0.50
5: 1000.00
6: 0.25 0.50 0.25 0.50 0.50
7: 0.25 0.50 0.25 0.50 0.50
8: 1000.00
9: 1000.00
10: 0.25 0.50 0.25 0.50 0.50
11: 0.25 0.50 0.25 0.50 0.50
12: 1000.00
13: 1000.00
14: 2000.00 0.50 0.75
