Number_of_customers: 15
Number_of_teams: 3
Number_of_services: 3
Customers_requested_services:
1 0 1 1 0 2 0 2 2 1 1 2 1 2
Daily_available_time: 8
Service 0:
Number_of_tasks: 1
Dependencies:
0: 
Service 1:
Number_of_tasks: 3
Dependencies:
0: 
1: 0
2: 1
Service 2:
Number_of_tasks: 5
Dependencies:
0: 
1: 
2: 4
3: 
4: 0 1 3
Travel_times:
0.00 0.11 0.12 0.04 0.18 0.14 0.04 0.18 0.08 0.06 0.18 0.14 0.14 0.15 0.15
0.11 0.00 0.21 0.15 0.17 0.25 0.15 0.24 0.19 0.17 0.29 0.14 0.17 0.14 0.14
0.12 0.21 0.00 0.12 0.09 0.10 0.10 0.07 0.07 0.15 0.09 0.25 0.26 0.07 0.13
0.04 0.15 0.12 0.00 0.18 0.10 0.03 0.19 0.06 0.03 0.14 0.13 0.14 0.15 0.15
0.18 0.17 0.09 0.18 0.00 0.16 0.16 0.13 0.13 0.21 0.18 0.32 0.32 0.03 0.04
0.14 0.25 0.10 0.10 0.16 0.00 0.10 0.16 0.06 0.08 0.04 0.16 0.16 0.13 0.17
0.04 0.15 0.10 0.03 0.16 0.10 0.00 0.16 0.04 0.05 0.14 0.15 0.16 0.13 0.12
0.18 0.24 0.07 0.19 0.13 0.16 0.16 0.00 0.13 0.21 0.13 0.32 0.32 0.11 0.16
0.08 0.19 0.07 0.06 0.13 0.06 0.04 0.13 0.00 0.08 0.10 0.19 0.19 0.10 0.11
0.06 0.17 0.15 0.03 0.21 0.08 0.05 0.21 0.08 0.00 0.12 0.11 0.11 0.18 0.17
0.18 0.29 0.09 0.14 0.18 0.04 0.14 0.13 0.10 0.12 0.00 0.19 0.19 0.16 0.21
0.14 0.14 0.25 0.13 0.32 0.16 0.15 0.32 0.19 0.11 0.19 0.00 0.04 0.29 0.28
0.14 0.17 0.26 0.14 0.32 0.16 0.16 0.32 0.19 0.11 0.19 0.04 0.00 0.29 0.29
0.15 0.14 0.07 0.15 0.03 0.13 0.13 0.11 0.10 0.18 0.16 0.29 0.29 0.00 0.06
0.15 0.14 0.13 0.15 0.04 0.17 0.12 0.16 0.11 0.17 0.21 0.28 0.29 0.06 0.00
Team_tasks_times:
Team 0:
1: 500.00 2.00 0.25
2: 1.00
3: 500.00 2.00 0.25
4: 500.00 2.00 0.25
5: 1.00
6: 0.25 0.75 0.50 0.50 0.25
7: 1.00
8: 0.25 0.75 0.50 0.50 0.25
9: 0.25 0.75 0.50 0.50 0.25
10: 500.00 2.00 0.25
11: 500.00 2.00 0.25
12: 0.25 0.75 0.50 0.50 0.25
13: 500.00 2.00 0.25
14: 0.25 0.75 0.50 0.50 0.25
Team 1:
1: 4.00 1.00 1.00
2: 0.25
3: 4.00 1.00 1.00
4: 4.00 1.00 1.00
5: 0.25
6: 3.00 0.50 4.00 0.25 1.00
7: 0.25
8: 3.00 0.50 4.00 0.25 1.00
9: 3.00 0.50 4.00 0.25 1.00
10: 4.00 1.00 1.00
11: 4.00 1.00 1.00
12: 3.00 0.50 4.00 0.25 1.00
13: 4.00 1.00 1.00
14: 3.00 0.50 4.00 0.25 1.00
Team 2:
1: 2000.00 4.00 3.00
2: 2.00
3: 2000.00 4.00 3.00
4: 2000.00 4.00 3.00
5: 2.00
6: 1.00 0.75 4.00 0.50 0.50
7: 2.00
8: 1.00 0.75 4.00 0.50 0.50
9: 1.00 0.75 4.00 0.50 0.50
10: 2000.00 4.00 3.00
11: 2000.00 4.00 3.00
12: 1.00 0.75 4.00 0.50 0.50
13: 2000.00 4.00 3.00
14: 1.00 0.75 4.00 0.50 0.50
