Number_of_customers: 15
Number_of_teams: 3
Number_of_services: 3
Customers_requested_services:
1 1 2 0 1 2 0 2 1 1 1 1 2 2
Daily_available_time: 8
Service 0:
Number_of_tasks: 1
Dependencies:
0: 
Service 1:
Number_of_tasks: 3
Dependencies:
0: 
1: 
2: 0 1
Service 2:
Number_of_tasks: 5
Dependencies:
0: 
1: 3 4
2: 3 4
3: 0
4: 0
Travel_times:
0.00 0.16 0.02 0.20 0.06 0.13 0.12 0.15 0.23 0.03 0.13 0.07 0.01 0.15 0.04
0.16 0.00 0.15 0.06 0.10 0.14 0.14 0.06 0.25 0.14 0.11 0.09 0.17 0.17 0.14
0.02 0.15 0.00 0.20 0.06 0.14 0.14 0.14 0.25 0.01 0.12 0.06 0.03 0.17 0.06
0.20 0.06 0.20 0.00 0.14 0.07 0.07 0.05 0.19 0.18 0.07 0.14 0.21 0.17 0.18
0.06 0.10 0.06 0.14 0.00 0.08 0.08 0.09 0.19 0.07 0.07 0.09 0.07 0.11 0.04
0.13 0.14 0.14 0.07 0.08 0.00 0.01 0.08 0.11 0.14 0.03 0.17 0.14 0.11 0.11
0.12 0.14 0.14 0.07 0.08 0.01 0.00 0.08 0.11 0.14 0.03 0.17 0.14 0.10 0.11
0.15 0.06 0.14 0.05 0.09 0.08 0.08 0.00 0.19 0.13 0.05 0.09 0.16 0.12 0.13
0.23 0.25 0.25 0.19 0.19 0.11 0.11 0.19 0.00 0.26 0.14 0.28 0.21 0.12 0.19
0.03 0.14 0.01 0.18 0.07 0.14 0.14 0.13 0.26 0.00 0.12 0.05 0.04 0.18 0.07
0.13 0.11 0.12 0.07 0.07 0.03 0.03 0.05 0.14 0.12 0.00 0.14 0.14 0.10 0.11
0.07 0.09 0.06 0.14 0.09 0.17 0.17 0.09 0.28 0.05 0.14 0.00 0.08 0.20 0.09
0.01 0.17 0.03 0.21 0.07 0.14 0.14 0.16 0.21 0.04 0.14 0.08 0.00 0.14 0.03
0.15 0.17 0.17 0.17 0.11 0.11 0.10 0.12 0.12 0.18 0.10 0.20 0.14 0.00 0.11
0.04 0.14 0.06 0.18 0.04 0.11 0.11 0.13 0.19 0.07 0.11 0.09 0.03 0.11 0.00
Team_tasks_times:
Team 0:
1: 1000.00 0.25 0.25
2: 1000.00 0.25 0.25
3: 0.50 2.00 0.75 2.00 4.00
4: 500.00
5: 1000.00 0.25 0.25
6: 0.50 2.00 0.75 2.00 4.00
7: 500.00
8: 0.50 2.00 0.75 2.00 4.00
9: 1000.00 0.25 0.25
10: 1000.00 0.25 0.25
11: 1000.00 0.25 0.25
12: 1000.00 0.25 0.25
13: 0.50 2.00 0.75 2.00 4.00
14: 0.50 2.00 0.75 2.00 4.00
Team 1:
1: 0.75 2000.00 500.00
2: 0.75 2000.00 500.00
3: 500.00 0.50 1.50 0.50 4.00
4: 500.00
5: 0.75 2000.00 500.00
6: 500.00 0.50 1.50 0.50 4.00
7: 500.00
8: 500.00 0.50 1.50 0.50 4.00
9: 0.75 2000.00 500.00
10: 0.75 2000.00 500.00
11: 0.75 2000.00 500.00
12: 0.75 2000.00 500.00
13: 500.00 0.50 1.50 0.50 4.00
14: 500.00 0.50 1.50 0.50 4.00
Team 2:
1: 2000.00 500.00 2000.00
2: 2000.00 500.00 2000.00
3: 1000.00 4.00 2.00 0.50 0.25
4: 0.25
5: 2000.00 500.00 2000.00
6: 1000.00 4.00 2.00 0.50 0.25
7: 0.25
8: 1000.00 4.00 2.00 0.50 0.25
9: 2000.00 500.00 2000.00
10: 2000.00 500.00 2000.00
11: 2000.00 500.00 2000.00
12: 2000.00 500.00 2000.00
13: 1000.00 4.00 2.00 0.50 0.25
14: 1000.00 4.00 2.00 0.50 0.25
