Number_of_customers: 15
Number_of_teams: 3
Number_of_services: 3
Customers_requested_services:
0 1 2 2 2 2 1 0 1 2 2 0 0 2
Daily_available_time: 8
Service 0:
Number_of_tasks: 1
Dependencies:
0: 
Service 1:
Number_of_tasks: 3
Dependencies:
0: 2
1: 
2: 1
Service 2:
Number_of_tasks: 5
Dependencies:
0: 
1: 0
2: 0
3: 0
4: 1 2 3
Travel_times:
0.00 0.18 0.27 0.24 0.05 0.11 0.14 0.23 0.09 0.28 0.11 0.18 0.04 0.13 0.10
0.18 0.00 0.21 0.18 0.13 0.12 0.21 0.23 0.16 0.15 0.12 0.04 0.22 0.14 0.12
0.27 0.21 0.00 0.03 0.26 0.26 0.13 0.04 0.30 0.16 0.26 0.21 0.27 0.14 0.17
0.24 0.18 0.03 0.00 0.24 0.24 0.11 0.06 0.28 0.13 0.24 0.18 0.25 0.12 0.15
0.05 0.13 0.26 0.24 0.00 0.06 0.14 0.23 0.04 0.27 0.07 0.14 0.09 0.12 0.10
0.11 0.12 0.26 0.24 0.06 0.00 0.14 0.23 0.04 0.27 0.01 0.08 0.15 0.12 0.10
0.14 0.21 0.13 0.11 0.14 0.14 0.00 0.09 0.17 0.16 0.15 0.22 0.15 0.07 0.10
0.23 0.23 0.04 0.06 0.23 0.23 0.09 0.00 0.26 0.18 0.22 0.24 0.24 0.10 0.13
0.09 0.16 0.30 0.28 0.04 0.04 0.17 0.26 0.00 0.31 0.04 0.12 0.13 0.16 0.13
0.28 0.15 0.16 0.13 0.27 0.27 0.16 0.18 0.31 0.00 0.27 0.19 0.28 0.15 0.18
0.11 0.12 0.26 0.24 0.07 0.01 0.15 0.22 0.04 0.27 0.00 0.08 0.15 0.12 0.09
0.18 0.04 0.21 0.18 0.14 0.08 0.22 0.24 0.12 0.19 0.08 0.00 0.23 0.14 0.12
0.04 0.22 0.27 0.25 0.09 0.15 0.15 0.24 0.13 0.28 0.15 0.23 0.00 0.14 0.11
0.13 0.14 0.14 0.12 0.12 0.12 0.07 0.10 0.16 0.15 0.12 0.14 0.14 0.00 0.03
0.10 0.12 0.17 0.15 0.10 0.10 0.10 0.13 0.13 0.18 0.09 0.12 0.11 0.03 0.00
Team_tasks_times:
Team 0:
1: 1.00
2: 2.00 1.00 1.00
3: 4.00 0.25 3.00 2000.00 2000.00
4: 4.00 0.25 3.00 2000.00 2000.00
5: 4.00 0.25 3.00 2000.00 2000.00
6: 4.00 0.25 3.00 2000.00 2000.00
7: 2.00 1.00 1.00
8: 1.00
9: 2.00 1.00 1.00
10: 4.00 0.25 3.00 2000.00 2000.00
11: 4.00 0.25 3.00 2000.00 2000.00
12: 1.00
13: 1.00
14: 4.00 0.25 3.00 2000.00 2000.00
Team 1:
1: 1.00
2: 0.75 4.00 2.00
3: 0.75 0.50 0.75 1000.00 1000.00
4: 0.75 0.50 0.75 1000.00 1000.00
5: 0.75 0.50 0.75 1000.00 1000.00
6: 0.75 0.50 0.75 1000.00 1000.00
7: 0.75 4.00 2.00
8: 1.00
9: 0.75 4.00 2.00
10: 0.75 0.50 0.75 1000.00 1000.00
11: 0.75 0.50 0.75 1000.00 1000.00
12: 1.00
13: 1.00
14: 0.75 0.50 0.75 1000.00 1000.00
Team 2:
1: 2.00
2: 0.75 2.00 0.25
3: 1.00 1.50 0.25 2.00 0.50
4: 1.00 1.50 0.25 2.00 0.50
5: 1.00 1.50 0.25 2.00 0.50
6: 1.00 1.50 0.25 2.00 0.50
7: 0.75 2.00 0.25
8: 2.00
9: 0.75 2.00 0.25
10: 1.00 1.50 0.25 2.00 0.50
11: 1.00 1.50 0.25 2.00 0.50
12: 2.00
13: 2.00
14: 1.00 1.50 0.25 2.00 0.50
