Number_of_customers: 15
Number_of_teams: 3
Number_of_services: 3
Customers_requested_services:
1 0 0 2 0 2 2 0 0 0 0 2 1 2
Daily_available_time: 8
Service 0:
Number_of_tasks: 1
Dependencies:
0: 
Service 1:
Number_of_tasks: 3
Dependencies:
0: 
1: 0
2: 0
Service 2:
Number_of_tasks: 5
Dependencies:
0: 
1: 
2: 
3: 0 1 2
4: 0 1 2
Travel_times:
0.00 0.12 0.13 0.13 0.12 0.19 0.16 0.10 0.18 0.17 0.10 0.07 0.09 0.14 0.07
0.12 0.00 0.25 0.17 0.06 0.08 0.09 0.13 0.30 0.05 0.06 0.18 0.13 0.06 0.18
0.13 0.25 0.00 0.11 0.25 0.32 0.29 0.12 0.06 0.30 0.23 0.07 0.19 0.27 0.06
0.13 0.17 0.11 0.00 0.15 0.23 0.20 0.04 0.16 0.21 0.23 0.14 0.10 0.23 0.10
0.12 0.06 0.25 0.15 0.00 0.08 0.05 0.12 0.30 0.05 0.12 0.18 0.07 0.12 0.18
0.19 0.08 0.32 0.23 0.08 0.00 0.07 0.20 0.38 0.03 0.10 0.26 0.13 0.08 0.26
0.16 0.09 0.29 0.20 0.05 0.07 0.00 0.17 0.35 0.04 0.15 0.23 0.10 0.15 0.23
0.10 0.13 0.12 0.04 0.12 0.20 0.17 0.00 0.18 0.17 0.19 0.11 0.07 0.19 0.07
0.18 0.30 0.06 0.16 0.30 0.38 0.35 0.18 0.00 0.35 0.28 0.12 0.25 0.33 0.12
0.17 0.05 0.30 0.21 0.05 0.03 0.04 0.17 0.35 0.00 0.11 0.23 0.11 0.10 0.24
0.10 0.06 0.23 0.23 0.12 0.10 0.15 0.19 0.28 0.11 0.00 0.16 0.19 0.04 0.17
0.07 0.18 0.07 0.14 0.18 0.26 0.23 0.11 0.12 0.23 0.16 0.00 0.13 0.21 0.04
0.09 0.13 0.19 0.10 0.07 0.13 0.10 0.07 0.25 0.11 0.19 0.13 0.00 0.19 0.13
0.14 0.06 0.27 0.23 0.12 0.08 0.15 0.19 0.33 0.10 0.04 0.21 0.19 0.00 0.21
0.07 0.18 0.06 0.10 0.18 0.26 0.23 0.07 0.12 0.24 0.17 0.04 0.13 0.21 0.00
Team_tasks_times:
Team 0:
1: 1000.00 0.50 3.00
2: 500.00
3: 500.00
4: 2.00 500.00 1.00 1.50 2.00
5: 500.00
6: 2.00 500.00 1.00 1.50 2.00
7: 2.00 500.00 1.00 1.50 2.00
8: 500.00
9: 500.00
10: 500.00
11: 500.00
12: 2.00 500.00 1.00 1.50 2.00
13: 1000.00 0.50 3.00
14: 2.00 500.00 1.00 1.50 2.00
Team 1:
1: 0.50 3.00 0.75
2: 1000.00
3: 1000.00
4: 2.00 1000.00 2.00 1.50 1.00
5: 1000.00
6: 2.00 1000.00 2.00 1.50 1.00
7: 2.00 1000.00 2.00 1.50 1.00
8: 1000.00
9: 1000.00
10: 1000.00
11: 1000.00
12: 2.00 1000.00 2.00 1.50 1.00
13: 0.50 3.00 0.75
14: 2.00 1000.00 2.00 1.50 1.00
Team 2:
1: 1000.00 1.50 0.75
2: 1.50
3: 1.50
4: 1.00 1.50 4.00 4.00 0.50
5: 1.50
6: 1.00 1.50 4.00 4.00 0.50
7: 1.00 1.50 4.00 4.00 0.50
8: 1.50
9: 1.50
10: 1.50
11: 1.50
12: 1.00 1.50 4.00 4.00 0.50
13: 1000.00 1.50 0.75
14: 1.00 1.50 4.00 4.00 0.50
