Number_of_customers: 15
Number_of_teams: 3
Number_of_services: 1
Customers_requested_services:
0 0 0 0 0 0 0 0 0 0 0 0 0 0
Daily_available_time: 8
Service 0:
Number_of_tasks: 3
Dependencies:
0: 
1: 0
2: 0
Travel_times:
0.00 0.17 0.06 0.15 0.05 0.21 0.15 0.19 0.21 0.12 0.05 0.20 0.12 0.25 0.15
0.17 0.00 0.23 0.03 0.21 0.06 0.21 0.18 0.14 0.18 0.22 0.13 0.05 0.18 0.02
0.06 0.23 0.00 0.21 0.07 0.26 0.16 0.17 0.19 0.16 0.01 0.18 0.18 0.23 0.21
0.15 0.03 0.21 0.00 0.20 0.09 0.25 0.17 0.11 0.21 0.21 0.12 0.06 0.15 0.01
0.05 0.21 0.07 0.20 0.00 0.25 0.10 0.24 0.26 0.15 0.06 0.25 0.16 0.30 0.19
0.21 0.06 0.26 0.09 0.25 0.00 0.17 0.22 0.20 0.12 0.26 0.19 0.09 0.24 0.08
0.15 0.21 0.16 0.25 0.10 0.17 0.00 0.34 0.35 0.07 0.15 0.35 0.18 0.40 0.24
0.19 0.18 0.17 0.17 0.24 0.22 0.34 0.00 0.12 0.31 0.18 0.05 0.15 0.10 0.16
0.21 0.14 0.19 0.11 0.26 0.20 0.35 0.12 0.00 0.32 0.20 0.07 0.17 0.04 0.12
0.12 0.18 0.16 0.21 0.15 0.12 0.07 0.31 0.32 0.00 0.15 0.32 0.15 0.37 0.21
0.05 0.22 0.01 0.21 0.06 0.26 0.15 0.18 0.20 0.15 0.00 0.19 0.17 0.24 0.20
0.20 0.13 0.18 0.12 0.25 0.19 0.35 0.05 0.07 0.32 0.19 0.00 0.16 0.05 0.11
0.12 0.05 0.18 0.06 0.16 0.09 0.18 0.15 0.17 0.15 0.17 0.16 0.00 0.21 0.05
0.25 0.18 0.23 0.15 0.30 0.24 0.40 0.10 0.04 0.37 0.24 0.05 0.21 0.00 0.16
0.15 0.02 0.21 0.01 0.19 0.08 0.24 0.16 0.12 0.21 0.20 0.11 0.05 0.16 0.00
Team_tasks_times:
Team 0:
1: 0.50 1000.00 1000.00
2: 0.50 1000.00 1000.00
3: 0.50 1000.00 1000.00
4: 0.50 1000.00 1000.00
5: 0.50 1000.00 1000.00
6: 0.50 1000.00 1000.00
7: 0.50 1000.00 1000.00
8: 0.50 1000.00 1000.00
9: 0.50 1000.00 1000.00
10: 0.50 1000.00 1000.00
11: 0.50 1000.00 1000.00
12: 0.50 1000.00 1000.00
13: 0.50 1000.00 1000.00
14: 0.50 1000.00 1000.00
Team 1:
1: 1000.00 1.50 1000.00
2: 1000.00 1.50 1000.00
3: 1000.00 1.50 1000.00
4: 1000.00 1.50 1000.00
5: 1000.00 1.50 1000.00
6: 1000.00 1.50 1000.00
7: 1000.00 1.50 1000.00
8: 1000.00 1.50 1000.00
9: 1000.00 1.50 1000.00
10: 1000.00 1.50 1000.00
11: 1000.00 1.50 1000.00
12: 1000.00 1.50 1000.00
13: 1000.00 1.50 1000.00
14: 1000.00 1.50 1000.00
Team 2:
1: 1000.00 1000.00 3.00
2: 1000.00 1000.00 3.00
3: 1000.00 1000.00 3.00
4: 1000.00 1000.00 3.00
5: 1000.00 1000.00 3.00
6: 1000.00 1000.00 3.00
7: 1000.00 1000.00 3.00
8: 1000.00 1000.00 3.00
9: 1000.00 1000.00 3.00
10: 1000.00 1000.00 3.00
11: 1000.00 1000.00 3.00
12: 1000.00 1000.00 3.00
13: 1000.00 1000.00 3.00
14: 1000.00 1000.00 3.00
