Number_of_customers: 15
Number_of_teams: 3
Number_of_services: 1
Customers_requested_services:
0 0 0 0 0 0 0 0 0 0 0 0 0 0
Daily_available_time: 8
Service 0:
Number_of_tasks: 3
Dependencies:
0: 2
1: 2
2: 
Travel_times:
0.00 0.30 0.23 0.10 0.12 0.08 0.10 0.10 0.10 0.21 0.10 0.10 0.07 0.16 0.11
0.30 0.00 0.23 0.39 0.17 0.38 0.40 0.39 0.25 0.09 0.39 0.36 0.23 0.14 0.30
0.23 0.23 0.00 0.24 0.26 0.25 0.28 0.21 0.33 0.15 0.17 0.14 0.16 0.19 0.34
0.10 0.39 0.24 0.00 0.22 0.02 0.04 0.03 0.14 0.31 0.07 0.11 0.17 0.26 0.10
0.12 0.17 0.26 0.22 0.00 0.21 0.23 0.22 0.08 0.17 0.22 0.18 0.10 0.07 0.13
0.08 0.38 0.25 0.02 0.21 0.00 0.03 0.04 0.13 0.30 0.07 0.11 0.15 0.24 0.09
0.10 0.40 0.28 0.04 0.23 0.03 0.00 0.07 0.15 0.32 0.10 0.14 0.17 0.26 0.10
0.10 0.39 0.21 0.03 0.22 0.04 0.07 0.00 0.14 0.31 0.04 0.07 0.16 0.25 0.13
0.10 0.25 0.33 0.14 0.08 0.13 0.15 0.14 0.00 0.23 0.15 0.19 0.17 0.13 0.05
0.21 0.09 0.15 0.31 0.17 0.30 0.32 0.31 0.23 0.00 0.31 0.28 0.15 0.10 0.25
0.10 0.39 0.17 0.07 0.22 0.07 0.10 0.04 0.15 0.31 0.00 0.04 0.16 0.25 0.17
0.10 0.36 0.14 0.11 0.18 0.11 0.14 0.07 0.19 0.28 0.04 0.00 0.13 0.22 0.21
0.07 0.23 0.16 0.17 0.10 0.15 0.17 0.16 0.17 0.15 0.16 0.13 0.00 0.09 0.18
0.16 0.14 0.19 0.26 0.07 0.24 0.26 0.25 0.13 0.10 0.25 0.22 0.09 0.00 0.16
0.11 0.30 0.34 0.10 0.13 0.09 0.10 0.13 0.05 0.25 0.17 0.21 0.18 0.16 0.00
Team_tasks_times:
Team 0:
1: 0.50 1000.00 1000.00
2: 0.50 1000.00 1000.00
3: 0.50 1000.00 1000.00
4: 0.50 1000.00 1000.00
5: 0.50 1000.00 1000.00
6: 0.50 1000.00 1000.00
7: 0.50 1000.00 1000.00
8: 0.50 1000.00 1000.00
9: 0.50 1000.00 1000.00
10: 0.50 1000.00 1000.00
11: 0.50 1000.00 1000.00
12: 0.50 1000.00 1000.00
13: 0.50 1000.00 1000.00
14: 0.50 1000.00 1000.00
Team 1:
1: 1000.00 1.50 1000.00
2: 1000.00 1.50 1000.00
3: 1000.00 1.50 1000.00
4: 1000.00 1.50 1000.00
5: 1000.00 1.50 1000.00
6: 1000.00 1.50 1000.00
7: 1000.00 1.50 1000.00
8: 1000.00 1.50 1000.00
9: 1000.00 1.50 1000.00
10: 1000.00 1.50 1000.00
11: 1000.00 1.50 1000.00
12: 1000.00 1.50 1000.00
13: 1000.00 1.50 1000.00
14: 1000.00 1.50 1000.00
Team 2:
1: 1000.00 1000.00 0.25
2: 1000.00 1000.00 0.25
3: 1000.00 1000.00 0.25
4: 1000.00 1000.00 0.25
5: 1000.00 1000.00 0.25
6: 1000.00 1000.00 0.25
7: 1000.00 1000.00 0.25
8: 1000.00 1000.00 0.25
9: 1000.00 1000.00 0.25
10: 1000.00 1000.00 0.25
11: 1000.00 1000.00 0.25
12: 1000.00 1000.00 0.25
13: 1000.00 1000.00 0.25
14: 1000.00 1000.00 0.25
