Number_of_customers: 15
Number_of_teams: 3
Number_of_services: 1
Customers_requested_services:
0 0 0 0 0 0 0 0 0 0 0 0 0 0
Daily_available_time: 8
Service 0:
Number_of_tasks: 3
Dependencies:
0: 
1: 0 2
2: 
Travel_times:
0.00 0.17 0.25 0.13 0.07 0.18 0.20 0.20 0.02 0.17 0.10 0.06 0.04 0.15 0.04
0.17 0.00 0.12 0.05 0.12 0.17 0.03 0.18 0.17 0.18 0.07 0.15 0.21 0.16 0.14
0.25 0.12 0.00 0.12 0.19 0.29 0.15 0.30 0.24 0.19 0.15 0.23 0.29 0.22 0.21
0.13 0.05 0.12 0.00 0.11 0.22 0.08 0.24 0.12 0.14 0.05 0.11 0.17 0.11 0.10
0.07 0.12 0.19 0.11 0.00 0.11 0.14 0.13 0.09 0.24 0.06 0.13 0.10 0.21 0.11
0.18 0.17 0.29 0.22 0.11 0.00 0.14 0.02 0.20 0.35 0.17 0.24 0.19 0.33 0.23
0.20 0.03 0.15 0.08 0.14 0.14 0.00 0.16 0.19 0.21 0.10 0.18 0.24 0.19 0.17
0.20 0.18 0.30 0.24 0.13 0.02 0.16 0.00 0.21 0.37 0.19 0.26 0.21 0.35 0.24
0.02 0.17 0.24 0.12 0.09 0.20 0.19 0.21 0.00 0.15 0.09 0.04 0.05 0.13 0.03
0.17 0.18 0.19 0.14 0.24 0.35 0.21 0.37 0.15 0.00 0.18 0.11 0.16 0.04 0.13
0.10 0.07 0.15 0.05 0.06 0.17 0.10 0.19 0.09 0.18 0.00 0.08 0.14 0.16 0.07
0.06 0.15 0.23 0.11 0.13 0.24 0.18 0.26 0.04 0.11 0.08 0.00 0.06 0.09 0.02
0.04 0.21 0.29 0.17 0.10 0.19 0.24 0.21 0.05 0.16 0.14 0.06 0.00 0.14 0.07
0.15 0.16 0.22 0.11 0.21 0.33 0.19 0.35 0.13 0.04 0.16 0.09 0.14 0.00 0.10
0.04 0.14 0.21 0.10 0.11 0.23 0.17 0.24 0.03 0.13 0.07 0.02 0.07 0.10 0.00
Team_tasks_times:
Team 0:
1: 1.00 1000.00 1000.00
2: 1.00 1000.00 1000.00
3: 1.00 1000.00 1000.00
4: 1.00 1000.00 1000.00
5: 1.00 1000.00 1000.00
6: 1.00 1000.00 1000.00
7: 1.00 1000.00 1000.00
8: 1.00 1000.00 1000.00
9: 1.00 1000.00 1000.00
10: 1.00 1000.00 1000.00
11: 1.00 1000.00 1000.00
12: 1.00 1000.00 1000.00
13: 1.00 1000.00 1000.00
14: 1.00 1000.00 1000.00
Team 1:
1: 1000.00 1.00 1000.00
2: 1000.00 1.00 1000.00
3: 1000.00 1.00 1000.00
4: 1000.00 1.00 1000.00
5: 1000.00 1.00 1000.00
6: 1000.00 1.00 1000.00
7: 1000.00 1.00 1000.00
8: 1000.00 1.00 1000.00
9: 1000.00 1.00 1000.00
10: 1000.00 1.00 1000.00
11: 1000.00 1.00 1000.00
12: 1000.00 1.00 1000.00
13: 1000.00 1.00 1000.00
14: 1000.00 1.00 1000.00
Team 2:
1: 1000.00 1000.00 0.50
2: 1000.00 1000.00 0.50
3: 1000.00 1000.00 0.50
4: 1000.00 1000.00 0.50
5: 1000.00 1000.00 0.50
6: 1000.00 1000.00 0.50
7: 1000.00 1000.00 0.50
8: 1000.00 1000.00 0.50
9: 1000.00 1000.00 0.50
10: 1000.00 1000.00 0.50
11: 1000.00 1000.00 0.50
12: 1000.00 1000.00 0.50
13: 1000.00 1000.00 0.50
14: 1000.00 1000.00 0.50
