Number_of_customers: 15
Number_of_teams: 3
Number_of_services: 1
Customers_requested_services:
0 0 0 0 0 0 0 0 0 0 0 0 0 0
Daily_available_time: 8
Service 0:
Number_of_tasks: 3
Dependencies:
0: 
1: 0 2
2: 
Travel_times:
0.00 0.24 0.06 0.35 0.26 0.11 0.17 0.18 0.28 0.14 0.26 0.29 0.31 0.11 0.24
0.24 0.00 0.17 0.11 0.03 0.35 0.24 0.07 0.10 0.10 0.10 0.06 0.09 0.15 0.08
0.06 0.17 0.00 0.29 0.20 0.17 0.11 0.15 0.22 0.10 0.24 0.23 0.25 0.05 0.21
0.35 0.11 0.29 0.00 0.09 0.45 0.20 0.18 0.07 0.21 0.15 0.06 0.05 0.24 0.13
0.26 0.03 0.20 0.09 0.00 0.37 0.21 0.09 0.07 0.12 0.13 0.03 0.06 0.15 0.11
0.11 0.35 0.17 0.45 0.37 0.00 0.28 0.28 0.39 0.24 0.31 0.40 0.42 0.22 0.33
0.17 0.24 0.11 0.20 0.21 0.28 0.00 0.25 0.14 0.20 0.34 0.20 0.15 0.09 0.32
0.18 0.07 0.15 0.18 0.09 0.28 0.25 0.00 0.11 0.05 0.09 0.12 0.14 0.17 0.06
0.28 0.10 0.22 0.07 0.07 0.39 0.14 0.11 0.00 0.15 0.20 0.06 0.03 0.17 0.17
0.14 0.10 0.10 0.21 0.12 0.24 0.20 0.05 0.15 0.00 0.14 0.16 0.17 0.11 0.12
0.26 0.10 0.24 0.15 0.13 0.31 0.34 0.09 0.20 0.14 0.00 0.14 0.19 0.25 0.02
0.29 0.06 0.23 0.06 0.03 0.40 0.20 0.12 0.06 0.16 0.14 0.00 0.05 0.18 0.11
0.31 0.09 0.25 0.05 0.06 0.42 0.15 0.14 0.03 0.17 0.19 0.05 0.00 0.20 0.17
0.11 0.15 0.05 0.24 0.15 0.22 0.09 0.17 0.17 0.11 0.25 0.18 0.20 0.00 0.23
0.24 0.08 0.21 0.13 0.11 0.33 0.32 0.06 0.17 0.12 0.02 0.11 0.17 0.23 0.00
Team_tasks_times:
Team 0:
1: 0.25 1000.00 1000.00
2: 0.25 1000.00 1000.00
3: 0.25 1000.00 1000.00
4: 0.25 1000.00 1000.00
5: 0.25 1000.00 1000.00
6: 0.25 1000.00 1000.00
7: 0.25 1000.00 1000.00
8: 0.25 1000.00 1000.00
9: 0.25 1000.00 1000.00
10: 0.25 1000.00 1000.00
11: 0.25 1000.00 1000.00
12: 0.25 1000.00 1000.00
13: 0.25 1000.00 1000.00
14: 0.25 1000.00 1000.00
Team 1:
1: 1000.00 1.00 1000.00
2: 1000.00 1.00 1000.00
3: 1000.00 1.00 1000.00
4: 1000.00 1.00 1000.00
5: 1000.00 1.00 1000.00
6: 1000.00 1.00 1000.00
7: 1000.00 1.00 1000.00
8: 1000.00 1.00 1000.00
9: 1000.00 1.00 1000.00
10: 1000.00 1.00 1000.00
11: 1000.00 1.00 1000.00
12: 1000.00 1.00 1000.00
13: 1000.00 1.00 1000.00
14: 1000.00 1.00 1000.00
Team 2:
1: 1000.00 1000.00 2.00
2: 1000.00 1000.00 2.00
3: 1000.00 1000.00 2.00
4: 1000.00 1000.00 2.00
5: 1000.00 1000.00 2.00
6: 1000.00 1000.00 2.00
7: 1000.00 1000.00 2.00
8: 1000.00 1000.00 2.00
9: 1000.00 1000.00 2.00
10: 1000.00 1000.00 2.00
11: 1000.00 1000.00 2.00
12: 1000.00 1000.00 2.00
13: 1000.00 1000.00 2.00
14: 1000.00 1000.00 2.00
