Number_of_customers: 15
Number_of_teams: 3
Number_of_services: 1
Customers_requested_services:
0 0 0 0 0 0 0 0 0 0 0 0 0 0
Daily_available_time: 8
Service 0:
Number_of_tasks: 3
Dependencies:
0: 
1: 0
2: 0
Travel_times:
0.00 0.06 0.25 0.16 0.09 0.22 0.09 0.24 0.20 0.15 0.14 0.13 0.23 0.22 0.03
0.06 0.00 0.21 0.12 0.06 0.16 0.03 0.18 0.15 0.10 0.10 0.07 0.17 0.18 0.03
0.25 0.21 0.00 0.09 0.16 0.22 0.21 0.22 0.30 0.28 0.11 0.26 0.17 0.03 0.22
0.16 0.12 0.09 0.00 0.07 0.15 0.12 0.17 0.21 0.19 0.03 0.17 0.16 0.06 0.13
0.09 0.06 0.16 0.07 0.00 0.14 0.05 0.16 0.14 0.12 0.05 0.10 0.15 0.13 0.06
0.22 0.16 0.22 0.15 0.14 0.00 0.13 0.03 0.08 0.06 0.12 0.09 0.09 0.19 0.19
0.09 0.03 0.21 0.12 0.05 0.13 0.00 0.16 0.12 0.07 0.10 0.05 0.14 0.17 0.06
0.24 0.18 0.22 0.17 0.16 0.03 0.16 0.00 0.08 0.09 0.15 0.11 0.09 0.19 0.21
0.20 0.15 0.30 0.21 0.14 0.08 0.12 0.08 0.00 0.05 0.19 0.07 0.17 0.27 0.17
0.15 0.10 0.28 0.19 0.12 0.06 0.07 0.09 0.05 0.00 0.17 0.03 0.15 0.25 0.13
0.14 0.10 0.11 0.03 0.05 0.12 0.10 0.15 0.19 0.17 0.00 0.15 0.13 0.08 0.11
0.13 0.07 0.26 0.17 0.10 0.09 0.05 0.11 0.07 0.03 0.15 0.00 0.13 0.23 0.10
0.23 0.17 0.17 0.16 0.15 0.09 0.14 0.09 0.17 0.15 0.13 0.13 0.00 0.17 0.20
0.22 0.18 0.03 0.06 0.13 0.19 0.17 0.19 0.27 0.25 0.08 0.23 0.17 0.00 0.19
0.03 0.03 0.22 0.13 0.06 0.19 0.06 0.21 0.17 0.13 0.11 0.10 0.20 0.19 0.00
Team_tasks_times:
Team 0:
1: 1.00 1000.00 1000.00
2: 1.00 1000.00 1000.00
3: 1.00 1000.00 1000.00
4: 1.00 1000.00 1000.00
5: 1.00 1000.00 1000.00
6: 1.00 1000.00 1000.00
7: 1.00 1000.00 1000.00
8: 1.00 1000.00 1000.00
9: 1.00 1000.00 1000.00
10: 1.00 1000.00 1000.00
11: 1.00 1000.00 1000.00
12: 1.00 1000.00 1000.00
13: 1.00 1000.00 1000.00
14: 1.00 1000.00 1000.00
Team 1:
1: 1000.00 0.50 1000.00
2: 1000.00 0.50 1000.00
3: 1000.00 0.50 1000.00
4: 1000.00 0.50 1000.00
5: 1000.00 0.50 1000.00
6: 1000.00 0.50 1000.00
7: 1000.00 0.50 1000.00
8: 1000.00 0.50 1000.00
9: 1000.00 0.50 1000.00
10: 1000.00 0.50 1000.00
11: 1000.00 0.50 1000.00
12: 1000.00 0.50 1000.00
13: 1000.00 0.50 1000.00
14: 1000.00 0.50 1000.00
Team 2:
1: 1000.00 1000.00 2.00
2: 1000.00 1000.00 2.00
3: 1000.00 1000.00 2.00
4: 1000.00 1000.00 2.00
5: 1000.00 1000.00 2.00
6: 1000.00 1000.00 2.00
7: 1000.00 1000.00 2.00
8: 1000.00 1000.00 2.00
9: 1000.00 1000.00 2.00
10: 1000.00 1000.00 2.00
11: 1000.00 1000.00 2.00
12: 1000.00 1000.00 2.00
13: 1000.00 1000.00 2.00
14: 1000.00 1000.00 2.00
