Number_of_customers: 20
Number_of_teams: 3
Number_of_services: 3
Customers_requested_services:
0 0 2 1 0 0 2 2 0 2 1 2 2 2 2 2 0 1 0
Daily_available_time: 8
Service 0:
Number_of_tasks: 1
Dependencies:
0: 
Service 1:
Number_of_tasks: 3
Dependencies:
0: 1 2
1: 
2: 
Service 2:
Number_of_tasks: 5
Dependencies:
0: 
1: 
2: 4
3: 
4: 0 1 3
Travel_times:
0.00 0.35 0.33 0.06 0.19 0.19 0.05 0.02 0.14 0.31 0.08 0.17 0.04 0.26 0.28 0.27 0.04 0.27 0.04 0.26
0.35 0.00 0.10 0.36 0.20 0.15 0.40 0.37 0.21 0.10 0.43 0.27 0.34 0.09 0.10 0.08 0.34 0.15 0.34 0.15
0.33 0.10 0.00 0.34 0.14 0.14 0.38 0.35 0.19 0.03 0.41 0.25 0.32 0.07 0.05 0.07 0.32 0.06 0.32 0.07
0.06 0.36 0.34 0.00 0.20 0.20 0.08 0.07 0.18 0.31 0.07 0.11 0.10 0.27 0.29 0.27 0.02 0.28 0.10 0.27
0.19 0.20 0.14 0.20 0.00 0.08 0.24 0.21 0.05 0.12 0.27 0.31 0.17 0.17 0.10 0.14 0.17 0.09 0.18 0.07
0.19 0.15 0.14 0.20 0.08 0.00 0.24 0.21 0.07 0.11 0.27 0.23 0.18 0.09 0.09 0.07 0.18 0.08 0.18 0.07
0.05 0.40 0.38 0.08 0.24 0.24 0.00 0.03 0.19 0.36 0.04 0.19 0.06 0.31 0.33 0.32 0.06 0.32 0.06 0.31
0.02 0.37 0.35 0.07 0.21 0.21 0.03 0.00 0.15 0.32 0.06 0.17 0.03 0.28 0.30 0.28 0.04 0.29 0.04 0.28
0.14 0.21 0.19 0.18 0.05 0.07 0.19 0.15 0.00 0.17 0.22 0.30 0.12 0.15 0.14 0.13 0.17 0.14 0.13 0.12
0.31 0.10 0.03 0.31 0.12 0.11 0.36 0.32 0.17 0.00 0.39 0.23 0.29 0.06 0.03 0.04 0.29 0.05 0.30 0.05
0.08 0.43 0.41 0.07 0.27 0.27 0.04 0.06 0.22 0.39 0.00 0.16 0.09 0.34 0.36 0.35 0.09 0.35 0.09 0.34
0.17 0.27 0.25 0.11 0.31 0.23 0.19 0.17 0.30 0.23 0.16 0.00 0.21 0.18 0.21 0.19 0.13 0.25 0.21 0.26
0.04 0.34 0.32 0.10 0.17 0.18 0.06 0.03 0.12 0.29 0.09 0.21 0.00 0.25 0.27 0.25 0.07 0.26 0.01 0.25
0.26 0.09 0.07 0.27 0.17 0.09 0.31 0.28 0.15 0.06 0.34 0.18 0.25 0.00 0.07 0.03 0.25 0.11 0.26 0.12
0.28 0.10 0.05 0.29 0.10 0.09 0.33 0.30 0.14 0.03 0.36 0.21 0.27 0.07 0.00 0.04 0.27 0.04 0.27 0.05
0.27 0.08 0.07 0.27 0.14 0.07 0.32 0.28 0.13 0.04 0.35 0.19 0.25 0.03 0.04 0.00 0.25 0.08 0.26 0.09
0.04 0.34 0.32 0.02 0.17 0.18 0.06 0.04 0.17 0.29 0.09 0.13 0.07 0.25 0.27 0.25 0.00 0.26 0.08 0.25
0.27 0.15 0.06 0.28 0.09 0.08 0.32 0.29 0.14 0.05 0.35 0.25 0.26 0.11 0.04 0.08 0.26 0.00 0.27 0.01
0.04 0.34 0.32 0.10 0.18 0.18 0.06 0.04 0.13 0.30 0.09 0.21 0.01 0.26 0.27 0.26 0.08 0.27 0.00 0.26
0.26 0.15 0.07 0.27 0.07 0.07 0.31 0.28 0.12 0.05 0.34 0.26 0.25 0.12 0.05 0.09 0.25 0.01 0.26 0.00
Team_tasks_times:
Team 0:
1: 1.50
2: 1.50
3: 1.00 0.50 2.00 3.00 0.50
4: 4.00 2.00 4.00
5: 1.50
6: 1.50
7: 1.00 0.50 2.00 3.00 0.50
8: 1.00 0.50 2.00 3.00 0.50
9: 1.50
10: 1.00 0.50 2.00 3.00 0.50
11: 4.00 2.00 4.00
12: 1.00 0.50 2.00 3.00 0.50
13: 1.00 0.50 2.00 3.00 0.50
14: 1.00 0.50 2.00 3.00 0.50
15: 1.00 0.50 2.00 3.00 0.50
16: 1.00 0.50 2.00 3.00 0.50
17: 1.50
18: 4.00 2.00 4.00
19: 1.50
Team 1:
1: 0.75
2: 0.75
3: 2.00 1.00 2.00 0.75 0.50
4: 2.00 2.00 1.00
5: 0.75
6: 0.75
7: 2.00 1.00 2.00 0.75 0.50
8: 2.00 1.00 2.00 0.75 0.50
9: 0.75
10: 2.00 1.00 2.00 0.75 0.50
11: 2.00 2.00 1.00
12: 2.00 1.00 2.00 0.75 0.50
13: 2.00 1.00 2.00 0.75 0.50
14: 2.00 1.00 2.00 0.75 0.50
15: 2.00 1.00 2.00 0.75 0.50
16: 2.00 1.00 2.00 0.75 0.50
17: 0.75
18: 2.00 2.00 1.00
19: 0.75
Team 2:
1: 1.50
2: 1.50
3: 0.50 0.25 4.00 1.50 0.25
4: 2.00 0.50 4.00
5: 1.50
6: 1.50
7: 0.50 0.25 4.00 1.50 0.25
8: 0.50 0.25 4.00 1.50 0.25
9: 1.50
10: 0.50 0.25 4.00 1.50 0.25
11: 2.00 0.50 4.00
12: 0.50 0.25 4.00 1.50 0.25
13: 0.50 0.25 4.00 1.50 0.25
14: 0.50 0.25 4.00 1.50 0.25
15: 0.50 0.25 4.00 1.50 0.25
16: 0.50 0.25 4.00 1.50 0.25
17: 1.50
18: 2.00 0.50 4.00
19: 1.50
