Number_of_customers: 20
Number_of_teams: 3
Number_of_services: 1
Customers_requested_services:
0 0 0 0 0 0 0 0 0 0 0 0 0 0 0 0 0 0 0
Daily_available_time: 8
Service 0:
Number_of_tasks: 3
Dependencies:
0: 
1: 0 2
2: 
Travel_times:
0.00 0.21 0.20 0.07 0.07 0.15 0.22 0.13 0.11 0.03 0.19 0.06 0.13 0.05 0.18 0.21 0.13 0.06 0.14 0.04
0.21 0.00 0.16 0.17 0.13 0.08 0.05 0.17 0.16 0.24 0.23 0.15 0.07 0.15 0.22 0.26 0.24 0.20 0.10 0.20
0.20 0.16 0.00 0.13 0.21 0.24 0.21 0.33 0.31 0.20 0.07 0.15 0.22 0.21 0.06 0.41 0.08 0.26 0.08 0.16
0.07 0.17 0.13 0.00 0.09 0.11 0.18 0.20 0.18 0.07 0.12 0.03 0.10 0.08 0.11 0.28 0.07 0.13 0.09 0.04
0.07 0.13 0.21 0.09 0.00 0.07 0.15 0.12 0.10 0.10 0.20 0.06 0.06 0.02 0.20 0.20 0.14 0.07 0.15 0.07
0.15 0.08 0.24 0.11 0.07 0.00 0.08 0.11 0.08 0.17 0.22 0.09 0.01 0.10 0.22 0.17 0.18 0.14 0.17 0.14
0.22 0.05 0.21 0.18 0.15 0.08 0.00 0.18 0.13 0.25 0.25 0.16 0.09 0.17 0.24 0.20 0.26 0.22 0.15 0.21
0.13 0.17 0.33 0.20 0.12 0.11 0.18 0.00 0.06 0.13 0.32 0.17 0.11 0.12 0.31 0.08 0.26 0.07 0.27 0.17
0.11 0.16 0.31 0.18 0.10 0.08 0.13 0.06 0.00 0.12 0.30 0.16 0.09 0.10 0.30 0.10 0.24 0.09 0.25 0.15
0.03 0.24 0.20 0.07 0.10 0.17 0.25 0.13 0.12 0.00 0.19 0.09 0.16 0.08 0.18 0.21 0.13 0.06 0.15 0.04
0.19 0.23 0.07 0.12 0.20 0.22 0.25 0.32 0.30 0.19 0.00 0.14 0.21 0.20 0.01 0.40 0.06 0.25 0.15 0.15
0.06 0.15 0.15 0.03 0.06 0.09 0.16 0.17 0.16 0.09 0.14 0.00 0.07 0.06 0.14 0.26 0.10 0.11 0.10 0.05
0.13 0.07 0.22 0.10 0.06 0.01 0.09 0.11 0.09 0.16 0.21 0.07 0.00 0.08 0.21 0.19 0.17 0.13 0.16 0.12
0.05 0.15 0.21 0.08 0.02 0.10 0.17 0.12 0.10 0.08 0.20 0.06 0.08 0.00 0.19 0.20 0.14 0.05 0.15 0.05
0.18 0.22 0.06 0.11 0.20 0.22 0.24 0.31 0.30 0.18 0.01 0.14 0.21 0.19 0.00 0.39 0.05 0.24 0.14 0.15
0.21 0.26 0.41 0.28 0.20 0.17 0.20 0.08 0.10 0.21 0.40 0.26 0.19 0.20 0.39 0.00 0.34 0.15 0.35 0.25
0.13 0.24 0.08 0.07 0.14 0.18 0.26 0.26 0.24 0.13 0.06 0.10 0.17 0.14 0.05 0.34 0.00 0.19 0.16 0.09
0.06 0.20 0.26 0.13 0.07 0.14 0.22 0.07 0.09 0.06 0.25 0.11 0.13 0.05 0.24 0.15 0.19 0.00 0.20 0.10
0.14 0.10 0.08 0.09 0.15 0.17 0.15 0.27 0.25 0.15 0.15 0.10 0.16 0.15 0.14 0.35 0.16 0.20 0.00 0.12
0.04 0.20 0.16 0.04 0.07 0.14 0.21 0.17 0.15 0.04 0.15 0.05 0.12 0.05 0.15 0.25 0.09 0.10 0.12 0.00
Team_tasks_times:
Team 0:
1: 1.00 1000.00 1000.00
2: 1.00 1000.00 1000.00
3: 1.00 1000.00 1000.00
4: 1.00 1000.00 1000.00
5: 1.00 1000.00 1000.00
6: 1.00 1000.00 1000.00
7: 1.00 1000.00 1000.00
8: 1.00 1000.00 1000.00
9: 1.00 1000.00 1000.00
10: 1.00 1000.00 1000.00
11: 1.00 1000.00 1000.00
12: 1.00 1000.00 1000.00
13: 1.00 1000.00 1000.00
14: 1.00 1000.00 1000.00
15: 1.00 1000.00 1000.00
16: 1.00 1000.00 1000.00
17: 1.00 1000.00 1000.00
18: 1.00 1000.00 1000.00
19: 1.00 1000.00 1000.00
Team 1:
1: 1000.00 0.50 1000.00
2: 1000.00 0.50 1000.00
3: 1000.00 0.50 1000.00
4: 1000.00 0.50 1000.00
5: 1000.00 0.50 1000.00
6: 1000.00 0.50 1000.00
7: 1000.00 0.50 1000.00
8: 1000.00 0.50 1000.00
9: 1000.00 0.50 1000.00
10: 1000.00 0.50 1000.00
11: 1000.00 0.50 1000.00
12: 1000.00 0.50 1000.00
13: 1000.00 0.50 1000.00
14: 1000.00 0.50 1000.00
15: 1000.00 0.50 1000.00
16: 1000.00 0.50 1000.00
17: 1000.00 0.50 1000.00
18: 1000.00 0.50 1000.00
19: 1000.00 0.50 1000.00
Team 2:
1: 1000.00 1000.00 3.00
2: 1000.00 1000.00 3.00
3: 1000.00 1000.00 3.00
4: 1000.00 1000.00 3.00
5: 1000.00 1000.00 3.00
6: 1000.00 1000.00 3.00
7: 1000.00 1000.00 3.00
8: 1000.00 1000.00 3.00
9: 1000.00 1000.00 3.00
10: 1000.00 1000.00 3.00
11: 1000.00 1000.00 3.00
12: 1000.00 1000.00 3.00
13: 1000.00 1000.00 3.00
14: 1000.00 1000.00 3.00
15: 1000.00 1000.00 3.00
16: 1000.00 1000.00 3.00
17: 1000.00 1000.00 3.00
18: 1000.00 1000.00 3.00
19: 1000.00 1000.00 3.00
