Number_of_customers: 20
Number_of_teams: 3
Number_of_services: 1
Customers_requested_services:
0 0 0 0 0 0 0 0 0 0 0 0 0 0 0 0 0 0 0
Daily_available_time: 8
Service 0:
Number_of_tasks: 3
Dependencies:
0: 
1: 0 2
2: 
Travel_times:
0.00 0.27 0.09 0.30 0.20 0.15 0.23 0.21 0.33 0.25 0.25 0.22 0.32 0.23 0.28 0.12 0.23 0.17 0.23 0.20
0.27 0.00 0.27 0.04 0.07 0.28 0.26 0.13 0.12 0.12 0.12 0.09 0.07 0.24 0.15 0.24 0.06 0.19 0.21 0.20
0.09 0.27 0.00 0.30 0.19 0.24 0.23 0.14 0.33 0.25 0.21 0.20 0.32 0.23 0.19 0.04 0.23 0.17 0.23 0.19
0.30 0.04 0.30 0.00 0.10 0.32 0.30 0.16 0.16 0.17 0.08 0.10 0.11 0.28 0.12 0.27 0.07 0.24 0.25 0.24
0.20 0.07 0.19 0.10 0.00 0.35 0.33 0.06 0.19 0.19 0.05 0.02 0.14 0.31 0.08 0.17 0.04 0.26 0.28 0.27
0.15 0.28 0.24 0.32 0.35 0.00 0.10 0.36 0.20 0.15 0.40 0.37 0.21 0.10 0.43 0.27 0.34 0.09 0.10 0.08
0.23 0.26 0.23 0.30 0.33 0.10 0.00 0.34 0.14 0.14 0.38 0.35 0.19 0.03 0.41 0.25 0.32 0.07 0.05 0.07
0.21 0.13 0.14 0.16 0.06 0.36 0.34 0.00 0.20 0.20 0.08 0.07 0.18 0.31 0.07 0.11 0.10 0.27 0.29 0.27
0.33 0.12 0.33 0.16 0.19 0.20 0.14 0.20 0.00 0.08 0.24 0.21 0.05 0.12 0.27 0.31 0.17 0.17 0.10 0.14
0.25 0.12 0.25 0.17 0.19 0.15 0.14 0.20 0.08 0.00 0.24 0.21 0.07 0.11 0.27 0.23 0.18 0.09 0.09 0.07
0.25 0.12 0.21 0.08 0.05 0.40 0.38 0.08 0.24 0.24 0.00 0.03 0.19 0.36 0.04 0.19 0.06 0.31 0.33 0.32
0.22 0.09 0.20 0.10 0.02 0.37 0.35 0.07 0.21 0.21 0.03 0.00 0.15 0.32 0.06 0.17 0.03 0.28 0.30 0.28
0.32 0.07 0.32 0.11 0.14 0.21 0.19 0.18 0.05 0.07 0.19 0.15 0.00 0.17 0.22 0.30 0.12 0.15 0.14 0.13
0.23 0.24 0.23 0.28 0.31 0.10 0.03 0.31 0.12 0.11 0.36 0.32 0.17 0.00 0.39 0.23 0.29 0.06 0.03 0.04
0.28 0.15 0.19 0.12 0.08 0.43 0.41 0.07 0.27 0.27 0.04 0.06 0.22 0.39 0.00 0.16 0.09 0.34 0.36 0.35
0.12 0.24 0.04 0.27 0.17 0.27 0.25 0.11 0.31 0.23 0.19 0.17 0.30 0.23 0.16 0.00 0.21 0.18 0.21 0.19
0.23 0.06 0.23 0.07 0.04 0.34 0.32 0.10 0.17 0.18 0.06 0.03 0.12 0.29 0.09 0.21 0.00 0.25 0.27 0.25
0.17 0.19 0.17 0.24 0.26 0.09 0.07 0.27 0.17 0.09 0.31 0.28 0.15 0.06 0.34 0.18 0.25 0.00 0.07 0.03
0.23 0.21 0.23 0.25 0.28 0.10 0.05 0.29 0.10 0.09 0.33 0.30 0.14 0.03 0.36 0.21 0.27 0.07 0.00 0.04
0.20 0.20 0.19 0.24 0.27 0.08 0.07 0.27 0.14 0.07 0.32 0.28 0.13 0.04 0.35 0.19 0.25 0.03 0.04 0.00
Team_tasks_times:
Team 0:
1: 0.50 1000.00 1000.00
2: 0.50 1000.00 1000.00
3: 0.50 1000.00 1000.00
4: 0.50 1000.00 1000.00
5: 0.50 1000.00 1000.00
6: 0.50 1000.00 1000.00
7: 0.50 1000.00 1000.00
8: 0.50 1000.00 1000.00
9: 0.50 1000.00 1000.00
10: 0.50 1000.00 1000.00
11: 0.50 1000.00 1000.00
12: 0.50 1000.00 1000.00
13: 0.50 1000.00 1000.00
14: 0.50 1000.00 1000.00
15: 0.50 1000.00 1000.00
16: 0.50 1000.00 1000.00
17: 0.50 1000.00 1000.00
18: 0.50 1000.00 1000.00
19: 0.50 1000.00 1000.00
Team 1:
1: 1000.00 0.25 1000.00
2: 1000.00 0.25 1000.00
3: 1000.00 0.25 1000.00
4: 1000.00 0.25 1000.00
5: 1000.00 0.25 1000.00
6: 1000.00 0.25 1000.00
7: 1000.00 0.25 1000.00
8: 1000.00 0.25 1000.00
9: 1000.00 0.25 1000.00
10: 1000.00 0.25 1000.00
11: 1000.00 0.25 1000.00
12: 1000.00 0.25 1000.00
13: 1000.00 0.25 1000.00
14: 1000.00 0.25 1000.00
15: 1000.00 0.25 1000.00
16: 1000.00 0.25 1000.00
17: 1000.00 0.25 1000.00
18: 1000.00 0.25 1000.00
19: 1000.00 0.25 1000.00
Team 2:
1: 1000.00 1000.00 1.00
2: 1000.00 1000.00 1.00
3: 1000.00 1000.00 1.00
4: 1000.00 1000.00 1.00
5: 1000.00 1000.00 1.00
6: 1000.00 1000.00 1.00
7: 1000.00 1000.00 1.00
8: 1000.00 1000.00 1.00
9: 1000.00 1000.00 1.00
10: 1000.00 1000.00 1.00
11: 1000.00 1000.00 1.00
12: 1000.00 1000.00 1.00
13: 1000.00 1000.00 1.00
14: 1000.00 1000.00 1.00
15: 1000.00 1000.00 1.00
16: 1000.00 1000.00 1.00
17: 1000.00 1000.00 1.00
18: 1000.00 1000.00 1.00
19: 1000.00 1000.00 1.00
