Number_of_customers: 20
Number_of_teams: 3
Number_of_services: 1
Customers_requested_services:
0 0 0 0 0 0 0 0 0 0 0 0 0 0 0 0 0 0 0
Daily_available_time: 8
Service 0:
Number_of_tasks: 3
Dependencies:
0: 1
1: 
2: 1
Travel_times:
0.00 0.18 0.18 0.14 0.04 0.08 0.09 0.20 0.23 0.26 0.33 0.09 0.23 0.24 0.37 0.12 0.11 0.11 0.15 0.12
0.18 0.00 0.14 0.23 0.14 0.11 0.10 0.18 0.23 0.22 0.29 0.13 0.18 0.20 0.33 0.06 0.12 0.11 0.11 0.12
0.18 0.14 0.00 0.12 0.14 0.10 0.24 0.07 0.12 0.08 0.15 0.27 0.07 0.11 0.19 0.10 0.26 0.07 0.04 0.06
0.14 0.23 0.12 0.00 0.10 0.12 0.20 0.06 0.08 0.16 0.19 0.23 0.19 0.23 0.23 0.17 0.23 0.12 0.12 0.11
0.04 0.14 0.14 0.10 0.00 0.04 0.10 0.16 0.18 0.22 0.29 0.13 0.18 0.20 0.33 0.09 0.12 0.07 0.11 0.09
0.08 0.11 0.10 0.12 0.04 0.00 0.14 0.12 0.15 0.18 0.25 0.17 0.15 0.15 0.29 0.05 0.16 0.03 0.07 0.04
0.09 0.10 0.24 0.20 0.10 0.14 0.00 0.26 0.28 0.32 0.39 0.03 0.28 0.29 0.42 0.14 0.03 0.17 0.20 0.18
0.20 0.18 0.07 0.06 0.16 0.12 0.26 0.00 0.05 0.11 0.13 0.29 0.14 0.18 0.17 0.12 0.28 0.09 0.07 0.07
0.23 0.23 0.12 0.08 0.18 0.15 0.28 0.05 0.00 0.16 0.11 0.32 0.19 0.23 0.14 0.17 0.31 0.12 0.12 0.11
0.26 0.22 0.08 0.16 0.22 0.18 0.32 0.11 0.16 0.00 0.08 0.35 0.04 0.07 0.11 0.18 0.34 0.15 0.12 0.14
0.33 0.29 0.15 0.19 0.29 0.25 0.39 0.13 0.11 0.08 0.00 0.42 0.11 0.15 0.04 0.25 0.41 0.22 0.18 0.21
0.09 0.13 0.27 0.23 0.13 0.17 0.03 0.29 0.32 0.35 0.42 0.00 0.32 0.33 0.46 0.17 0.03 0.20 0.24 0.21
0.23 0.18 0.07 0.19 0.18 0.15 0.28 0.14 0.19 0.04 0.11 0.32 0.00 0.04 0.14 0.15 0.31 0.11 0.08 0.10
0.24 0.20 0.11 0.23 0.20 0.15 0.29 0.18 0.23 0.07 0.15 0.33 0.04 0.00 0.13 0.15 0.32 0.12 0.12 0.12
0.37 0.33 0.19 0.23 0.33 0.29 0.42 0.17 0.14 0.11 0.04 0.46 0.14 0.13 0.00 0.29 0.45 0.26 0.22 0.24
0.12 0.06 0.10 0.17 0.09 0.05 0.14 0.12 0.17 0.18 0.25 0.17 0.15 0.15 0.29 0.00 0.16 0.05 0.07 0.07
0.11 0.12 0.26 0.23 0.12 0.16 0.03 0.28 0.31 0.34 0.41 0.03 0.31 0.32 0.45 0.16 0.00 0.20 0.23 0.21
0.11 0.11 0.07 0.12 0.07 0.03 0.17 0.09 0.12 0.15 0.22 0.20 0.11 0.12 0.26 0.05 0.20 0.00 0.03 0.01
0.15 0.11 0.04 0.12 0.11 0.07 0.20 0.07 0.12 0.12 0.18 0.24 0.08 0.12 0.22 0.07 0.23 0.03 0.00 0.02
0.12 0.12 0.06 0.11 0.09 0.04 0.18 0.07 0.11 0.14 0.21 0.21 0.10 0.12 0.24 0.07 0.21 0.01 0.02 0.00
Team_tasks_times:
Team 0:
1: 0.75 1000.00 1000.00
2: 0.75 1000.00 1000.00
3: 0.75 1000.00 1000.00
4: 0.75 1000.00 1000.00
5: 0.75 1000.00 1000.00
6: 0.75 1000.00 1000.00
7: 0.75 1000.00 1000.00
8: 0.75 1000.00 1000.00
9: 0.75 1000.00 1000.00
10: 0.75 1000.00 1000.00
11: 0.75 1000.00 1000.00
12: 0.75 1000.00 1000.00
13: 0.75 1000.00 1000.00
14: 0.75 1000.00 1000.00
15: 0.75 1000.00 1000.00
16: 0.75 1000.00 1000.00
17: 0.75 1000.00 1000.00
18: 0.75 1000.00 1000.00
19: 0.75 1000.00 1000.00
Team 1:
1: 1000.00 1.50 1000.00
2: 1000.00 1.50 1000.00
3: 1000.00 1.50 1000.00
4: 1000.00 1.50 1000.00
5: 1000.00 1.50 1000.00
6: 1000.00 1.50 1000.00
7: 1000.00 1.50 1000.00
8: 1000.00 1.50 1000.00
9: 1000.00 1.50 1000.00
10: 1000.00 1.50 1000.00
11: 1000.00 1.50 1000.00
12: 1000.00 1.50 1000.00
13: 1000.00 1.50 1000.00
14: 1000.00 1.50 1000.00
15: 1000.00 1.50 1000.00
16: 1000.00 1.50 1000.00
17: 1000.00 1.50 1000.00
18: 1000.00 1.50 1000.00
19: 1000.00 1.50 1000.00
Team 2:
1: 1000.00 1000.00 0.50
2: 1000.00 1000.00 0.50
3: 1000.00 1000.00 0.50
4: 1000.00 1000.00 0.50
5: 1000.00 1000.00 0.50
6: 1000.00 1000.00 0.50
7: 1000.00 1000.00 0.50
8: 1000.00 1000.00 0.50
9: 1000.00 1000.00 0.50
10: 1000.00 1000.00 0.50
11: 1000.00 1000.00 0.50
12: 1000.00 1000.00 0.50
13: 1000.00 1000.00 0.50
14: 1000.00 1000.00 0.50
15: 1000.00 1000.00 0.50
16: 1000.00 1000.00 0.50
17: 1000.00 1000.00 0.50
18: 1000.00 1000.00 0.50
19: 1000.00 1000.00 0.50
